DRUG_ID	ranger_index	r2_scores	Num_CL_per_Drug
182	ranger_182	0.739416898604348	14
136	ranger_136	0.718594383026963	8
170	ranger_170	0.688896442668899	27
200	ranger_200	0.682733740436776	17
1149	ranger_1149	0.670077958037197	30
268	ranger_268	0.622635563828916	33
157	ranger_157	0.605994999502587	29
1012	ranger_1012	0.595019468452467	45
274	ranger_274	0.553690588376558	68
165	ranger_165	0.54538913388387	49
180	ranger_180	0.537588613147506	53
308	ranger_308	0.505403314832031	62
276	ranger_276	0.491366124045247	71
104	ranger_104	0.486060500788791	47
1161	ranger_1161	0.458199864208012	64
1057	ranger_1057	0.458150555874539	90
272	ranger_272	0.441778906030017	87
1242	ranger_1242	0.43837967245302	64
346	ranger_346	0.435705137049188	127
1003	ranger_1003	0.434185852319304	98
53	ranger_53	0.433285035692978	73
173	ranger_173	0.420804040217636	72
1004	ranger_1004	0.415370754920459	84
83	ranger_83	0.40441023375069	49
333	ranger_333	0.39941109280562	865
86	ranger_86	0.399000648819641	76
87	ranger_87	0.376524026426198	85
167	ranger_167	0.373611823046474	82
1142	ranger_1142	0.372266998306249	47
11	ranger_11	0.37131575499904	100
190	ranger_190	0.368400302268117	110
45	ranger_45	0.36750243038774	112
88	ranger_88	0.36619988856386	75
1024	ranger_1024	0.362865093233215	94
273	ranger_273	0.35708800958747	91
1239	ranger_1239	0.35664501205911	125
1243	ranger_1243	0.351986328962455	97
133	ranger_133	0.343715049115831	90
254	ranger_254	0.343003827859747	867
9	ranger_9	0.339429977909955	125
172	ranger_172	0.336143028348071	147
345	ranger_345	0.332508354198629	871
1262	ranger_1262	0.322246677628852	896
253	ranger_253	0.321299485314138	849
258	ranger_258	0.320202862539622	852
230	ranger_230	0.315201335471952	817
1526	ranger_1526	0.30750130997116	398
204	ranger_204	0.307430974535411	139
286	ranger_286	0.3054020691668	854
266	ranger_266	0.301062595639253	898
332	ranger_332	0.29981937888623	877
135	ranger_135	0.299777985864189	157
331	ranger_331	0.299083198474587	215
235	ranger_235	0.293591956378356	208
312	ranger_312	0.293514970180107	882
41	ranger_41	0.290219949485321	108
1378	ranger_1378	0.289752342986838	170
1014	ranger_1014	0.288037062645416	338
1054	ranger_1054	0.28725551717332	413
1059	ranger_1059	0.287099016591618	118
60	ranger_60	0.284049584985675	100
1372	ranger_1372	0.283687369353281	301
291	ranger_291	0.281642189548894	332
256	ranger_256	0.278204373002316	154
1028	ranger_1028	0.27797541353574	809
140	ranger_140	0.275668715758048	163
341	ranger_341	0.2746087690842	891
298	ranger_298	0.273069467721985	832
328	ranger_328	0.27223762910963	175
1498	ranger_1498	0.271946954111836	499
206	ranger_206	0.271077279686802	883
290	ranger_290	0.270117708874696	767
211	ranger_211	0.269713974845237	766
55	ranger_55	0.267208693930891	224
271	ranger_271	0.266444772568156	862
1248	ranger_1248	0.265588520266586	177
231	ranger_231	0.263937819709695	755
205	ranger_205	0.263499938914995	899
1031	ranger_1031	0.26199881175471	156
1022	ranger_1022	0.261671870323548	117
1020	ranger_1020	0.260807364568636	820
17	ranger_17	0.255568668663321	361
194	ranger_194	0.253194238665491	101
224	ranger_224	0.251066490907093	409
151	ranger_151	0.25039110153378	566
1049	ranger_1049	0.249851542316421	767
29	ranger_29	0.249255266816011	230
3	ranger_3	0.248367979531507	193
1199	ranger_1199	0.24633119640672	899
1375	ranger_1375	0.245418308317943	871
252	ranger_252	0.245169125554252	324
150	ranger_150	0.24500907000047	849
1264	ranger_1264	0.243866317309281	891
302	ranger_302	0.242687458519079	228
37	ranger_37	0.242044442889071	363
221	ranger_221	0.239948504459476	718
1018	ranger_1018	0.239665409135654	823
201	ranger_201	0.235981928578133	138
71	ranger_71	0.235510360114886	237
1061	ranger_1061	0.234973488094875	755
299	ranger_299	0.234836990542952	153
1006	ranger_1006	0.234266537033899	245
1033	ranger_1033	0.233318917535914	812
163	ranger_163	0.232588027340885	193
304	ranger_304	0.232507291283642	697
178	ranger_178	0.231936241567615	334
134	ranger_134	0.231261625267956	177
1373	ranger_1373	0.22989958448831	637
245	ranger_245	0.229808222978415	219
281	ranger_281	0.229478497711053	838
293	ranger_293	0.229429661534436	602
1037	ranger_1037	0.229377121296655	339
262	ranger_262	0.229317006448436	660
30	ranger_30	0.226178142611833	269
196	ranger_196	0.226007750175085	241
1036	ranger_1036	0.225915995846053	711
1015	ranger_1015	0.225468892475643	343
51	ranger_51	0.225336616460599	225
283	ranger_283	0.224823806710039	206
32	ranger_32	0.223908653513261	213
1047	ranger_1047	0.222350557536464	650
1371	ranger_1371	0.222265762585381	803
1143	ranger_1143	0.220766252145627	337
1494	ranger_1494	0.21965228676886	159
203	ranger_203	0.217204062206741	387
1017	ranger_1017	0.216724951329965	779
177	ranger_177	0.215343325193776	458
193	ranger_193	0.214824439877191	894
63	ranger_63	0.214791022951469	254
1030	ranger_1030	0.214394909377445	760
91	ranger_91	0.21359060201649	389
288	ranger_288	0.208845976347773	811
1058	ranger_1058	0.208725647490347	287
303	ranger_303	0.206785351124823	300
54	ranger_54	0.204514864259042	301
219	ranger_219	0.203354984277467	200
1158	ranger_1158	0.203260122413304	445
309	ranger_309	0.20229850447366	702
269	ranger_269	0.201761939020822	575
106	ranger_106	0.200554781412713	214
279	ranger_279	0.200242547766316	715
263	ranger_263	0.199933311004945	864
1009	ranger_1009	0.199238198453958	711
35	ranger_35	0.198601098346193	178
89	ranger_89	0.197197158659253	308
176	ranger_176	0.196961767434903	417
159	ranger_159	0.196331506383076	224
64	ranger_64	0.196184830857967	238
301	ranger_301	0.194683993768451	427
56	ranger_56	0.194504975082566	253
1046	ranger_1046	0.192790418824846	635
1008	ranger_1008	0.192616528813189	581
330	ranger_330	0.192552244298104	639
1261	ranger_1261	0.19209739865677	729
111	ranger_111	0.190609934892179	252
1019	ranger_1019	0.189817943656331	580
1016	ranger_1016	0.188523611292016	266
1203	ranger_1203	0.18739242771919	375
1529	ranger_1529	0.186801581363295	309
277	ranger_277	0.186675602086766	876
5	ranger_5	0.186226888765883	190
255	ranger_255	0.18518148932813	863
1013	ranger_1013	0.185014605782202	752
207	ranger_207	0.183915111824872	309
1021	ranger_1021	0.182682860998898	682
1194	ranger_1194	0.181392411040185	859
1060	ranger_1060	0.18127502388556	423
310	ranger_310	0.180797903474555	520
326	ranger_326	0.179983463744722	690
294	ranger_294	0.179074548189648	532
152	ranger_152	0.17886237678575	290
1170	ranger_1170	0.178517184225373	553
199	ranger_199	0.178159628745224	636
260	ranger_260	0.177800549507459	412
1001	ranger_1001	0.17768327763945	362
127	ranger_127	0.17685628508755	296
300	ranger_300	0.176407726861953	538
1502	ranger_1502	0.175496355451577	854
1236	ranger_1236	0.174718241967168	322
34	ranger_34	0.174174646599196	379
1495	ranger_1495	0.172745440931289	758
94	ranger_94	0.172159936892815	333
1025	ranger_1025	0.16994302051992	711
223	ranger_223	0.168168014734168	261
1039	ranger_1039	0.167375152557956	813
164	ranger_164	0.165687372438243	271
261	ranger_261	0.165136677607932	583
1011	ranger_1011	0.164796692091467	524
158	ranger_158	0.161862495700426	620
1268	ranger_1268	0.160943362290385	828
225	ranger_225	0.16032541315014	386
1067	ranger_1067	0.157734053088526	884
1066	ranger_1066	0.157414279486491	565
329	ranger_329	0.157343208488211	717
1527	ranger_1527	0.156798106302486	222
38	ranger_38	0.156468401666654	326
229	ranger_229	0.156361913843973	435
153	ranger_153	0.156331037568151	491
1005	ranger_1005	0.155867767199632	483
1069	ranger_1069	0.15486661021972	820
306	ranger_306	0.154333252357792	351
1218	ranger_1218	0.154308591220338	807
186	ranger_186	0.154269705015751	716
1026	ranger_1026	0.154262702394763	292
1377	ranger_1377	0.154228625409995	685
6	ranger_6	0.154161606975672	382
344	ranger_344	0.154139216634318	328
1032	ranger_1032	0.153276010556167	692
59	ranger_59	0.15320942579345	337
147	ranger_147	0.152515453331845	819
166	ranger_166	0.15120468983122	836
1062	ranger_1062	0.150061512472865	626
1010	ranger_1010	0.149910841683192	738
1164	ranger_1164	0.14983072077025	303
155	ranger_155	0.148620969287221	646
1192	ranger_1192	0.146369694126354	529
282	ranger_282	0.145529654706516	516
222	ranger_222	0.144611179847418	515
305	ranger_305	0.144330790295575	374
156	ranger_156	0.143575400802817	552
265	ranger_265	0.142715933120638	698
238	ranger_238	0.142423863657886	740
1038	ranger_1038	0.142214145632351	776
1007	ranger_1007	0.14193001847425	226
110	ranger_110	0.141899677277925	327
295	ranger_295	0.141722487606808	555
175	ranger_175	0.140117278160634	616
179	ranger_179	0.139785377749947	412
292	ranger_292	0.139710028349173	487
1050	ranger_1050	0.139540829993281	528
1	ranger_1	0.139128451601399	323
208	ranger_208	0.138538805322075	445
197	ranger_197	0.138195576404335	807
226	ranger_226	0.135703329884692	589
1175	ranger_1175	0.135330194662828	847
1230	ranger_1230	0.135249265974426	892
1052	ranger_1052	0.134568016474107	748
184	ranger_184	0.134507556814674	281
1259	ranger_1259	0.13404665961031	371
1129	ranger_1129	0.133899431304287	825
249	ranger_249	0.133647396020115	678
119	ranger_119	0.132856146754967	357
257	ranger_257	0.132504343877701	516
1133	ranger_1133	0.132368802736135	444
228	ranger_228	0.131552452544425	448
171	ranger_171	0.129149827371158	719
275	ranger_275	0.128687808755149	545
1114	ranger_1114	0.127400496689491	790
1053	ranger_1053	0.126162709800599	395
62	ranger_62	0.126155988186632	190
1043	ranger_1043	0.12422434776462	816
154	ranger_154	0.123616887503193	812
192	ranger_192	0.121920667878288	828
287	ranger_287	0.121270750665921	419
1241	ranger_1241	0.11993324251404	732
1023	ranger_1023	0.119240709713822	736
52	ranger_52	0.112167353069857	371
1072	ranger_1072	0.102219308710593	868
202	ranger_202	0.101147993651287	842
1219	ranger_1219	0.0961622089615614	413
1042	ranger_1042	0.0951593624196977	774
185	ranger_185	0.0938300036356419	626
1091	ranger_1091	0.0792883203907226	595
1029	ranger_1029	0.0586447010685636	799
1166	ranger_1166	-0.350127561318708	5
