DRUG_ID	ic50_pred	COSMIC_ID	LN_IC50
1007	-3.36118666666667	909253	-3.51
197	-3.15306033333333	909253	-3.09
104	-2.82948766666667	909253	-2.43
201	-1.93230333333334	909253	-1.69
283	-1.65328966666666	909253	-1.8
140	-1.31922933333334	909253	-1.08
1057	-1.155504	909253	-1.49
1008	-1.06239066666667	909253	-1.57
1261	-0.892550000000001	909253	-0.92
208	-0.840663999999999	909253	-1.03
3	-0.794222	909253	-0.56
1060	-0.706707333333334	909253	-1.33
194	-0.689846333333332	909253	-1.4
53	-0.630858666666667	909253	-0.52
11	-0.503231	909253	-0.53
1016	-0.485403333333332	909253	-0.6
1230	-0.477884333333332	909253	-0.57
312	-0.288624	909253	-0.33
1031	-0.160024	909253	-0.04
87	0.210889666666667	909253	0.39
60	0.374503333333332	909253	0.39
252	0.702240000000001	909253	0.36
83	0.710825666666667	909253	0.46
153	0.805660999999999	909253	1.08
1010	0.86008	909253	0.67
155	0.866235666666665	909253	1.08
1059	1.03973866666667	909253	0.91
1032	1.057601	909253	1.05
1264	1.108551	909253	1.02
9	1.13987633333333	909253	1.24
133	1.18631333333333	909253	1.28
86	1.26246466666667	909253	1.08
1026	1.34740233333333	909253	1.69
1021	1.44376033333333	909253	1.01
135	1.484835	909253	1.5
328	1.54109266666666	909253	1.05
254	1.60329433333333	909253	1.67
282	1.66647133333333	909253	1.5
1262	1.682673	909253	1.54
277	1.725454	909253	1.65
45	1.75652733333333	909253	1.79
1011	1.778792	909253	1.47
166	1.79195733333334	909253	1.73
202	1.8231	909253	1.77
1527	1.86858933333334	909253	1.71
1014	1.874857	909253	1.3
150	1.90428833333333	909253	1.77
1019	1.950045	909253	1.89
1498	1.98729533333334	909253	1.45
51	1.98785033333333	909253	1.99
226	1.98827833333333	909253	1.89
35	2.018317	909253	2.42
52	2.05518833333333	909253	1.96
1038	2.142182	909253	2.35
175	2.19924266666666	909253	2.18
1049	2.20611166666667	909253	2.22
1028	2.20911166666667	909253	2.22
164	2.211006	909253	2.05
1058	2.21774233333334	909253	1.94
1013	2.222562	909253	2.37
1006	2.22569333333334	909253	2.44
158	2.23005133333333	909253	2.53
32	2.247165	909253	2.44
1046	2.278448	909253	2.36
163	2.28391833333334	909253	2.69
308	2.32661033333333	909253	1.68
37	2.347707	909253	2.42
184	2.38488233333334	909253	2.69
38	2.41223666666666	909253	2.43
1023	2.41298066666667	909253	2.44
127	2.428814	909253	2.6
64	2.46474966666667	909253	2.35
1	2.46718166666667	909253	2.44
119	2.47063666666667	909253	2.38
1091	2.47321466666666	909253	2.62
6	2.47322066666667	909253	2.43
1029	2.47978100000001	909253	2.44
306	2.48781333333333	909253	2.26
171	2.48810233333334	909253	2.69
34	2.52576366666667	909253	2.44
223	2.52704733333333	909253	2.62
185	2.53623033333333	909253	2.69
1037	2.577343	909253	2.11
256	2.63222833333334	909253	2.13
30	2.63675333333334	909253	2.98
219	2.661605	909253	2.03
262	2.66415733333334	909253	2.64
154	2.66745433333333	909253	2.65
29	2.67431633333333	909253	2.97
310	2.69671266666666	909253	2.85
62	2.74583600000001	909253	2.72
1017	2.75527433333334	909253	2.47
235	2.79303833333334	909253	2.24
302	2.79845433333333	909253	2.01
298	2.80880933333333	909253	2.56
207	2.810393	909253	2.88
331	2.82636833333333	909253	2.32
249	2.83853466666666	909253	3.12
203	2.90212433333333	909253	2.84
1062	2.934418	909253	3.11
1175	2.96558633333333	909253	2.77
1054	2.97561133333334	909253	3.13
89	2.98287566666667	909253	3.34
1015	2.99840433333334	909253	2.89
1020	2.99880566666667	909253	2.83
291	3.00853900000001	909253	2.71
258	3.01834766666667	909253	2.66
333	3.022	909253	2.84
1066	3.02613266666667	909253	3.15
159	3.09247400000001	909253	3.38
1268	3.10342533333333	909253	3.02
1199	3.103877	909253	3.34
55	3.10901	909253	3.09
152	3.11193566666666	909253	2.61
156	3.11691566666667	909253	3.38
167	3.12414166666667	909253	2.49
88	3.13520899999999	909253	3.34
271	3.15841533333333	909253	3.34
228	3.16827466666667	909253	3.13
1018	3.17586133333333	909253	3.05
1069	3.17597	909253	2.91
54	3.18569333333333	909253	3.36
222	3.187333	909253	3.08
199	3.19406433333333	909253	3.16
56	3.243959	909253	3.17
229	3.24444999999999	909253	2.87
1061	3.24753433333333	909253	3.31
1052	3.25969266666666	909253	3.3
41	3.26202533333334	909253	3.38
1373	3.28361733333333	909253	3.03
225	3.29544933333333	909253	3.28
106	3.32320866666667	909253	3.71
330	3.33064900000001	909253	3.21
1005	3.33520666666667	909253	3.43
178	3.36062866666666	909253	3.56
257	3.365542	909253	3.36
1129	3.38371866666666	909253	3.1
281	3.39142199999999	909253	3.37
1495	3.40074666666667	909253	3.2
1072	3.40839233333333	909253	3.36
91	3.40924033333333	909253	3.36
63	3.410955	909253	3.64
1067	3.422078	909253	3.41
206	3.42427	909253	3.35
186	3.42490499999999	909253	3.55
295	3.45196400000001	909253	3.9
261	3.50651933333334	909253	3.92
300	3.506715	909253	3.56
5	3.51679133333333	909253	3.68
292	3.51811266666667	909253	2.94
303	3.535603	909253	3.31
260	3.566907	909253	3.75
1170	3.59751266666668	909253	3.94
299	3.605767	909253	2.7
288	3.61312066666666	909253	3.79
211	3.63572033333334	909253	3.72
1047	3.65694533333334	909253	3.82
1133	3.67528599999999	909253	4.05
286	3.70432166666667	909253	3.92
255	3.709911	909253	3.51
1036	3.712775	909253	3.76
1025	3.735192	909253	3.49
221	3.752082	909253	3.76
1009	3.757016	909253	3.98
1033	3.76735399999999	909253	3.87
305	3.770655	909253	3.6
1377	3.77794	909253	4
173	3.78669233333334	909253	3.75
329	3.815171	909253	3.96
151	3.815809	909253	4.01
1030	3.82633666666666	909253	4.05
287	3.82804266666667	909253	3.96
326	3.84739566666666	909253	4.01
253	3.872646	909253	4.07
1043	3.878549	909253	3.71
1241	3.881325	909253	4.02
59	3.88759266666666	909253	4.05
94	3.90348833333333	909253	4.05
1371	3.911467	909253	4.03
332	3.926188	909253	3.99
1194	3.94090766666666	909253	4.02
224	3.95718633333334	909253	4.2
1259	3.95729966666666	909253	4.03
1502	3.97084666666667	909253	4.01
279	4.02225999999999	909253	4.34
275	4.03786266666666	909253	4.06
309	4.04775200000001	909253	4.13
1039	4.054962	909253	4.04
204	4.06201533333333	909253	4.52
205	4.10572233333333	909253	4.06
176	4.11135999999999	909253	3.81
111	4.11276233333334	909253	4.43
269	4.11638566666667	909253	4.38
1042	4.13002466666666	909253	4.05
294	4.13143400000001	909253	4.16
265	4.15572633333334	909253	3.93
177	4.172338	909253	4.45
110	4.18276233333334	909253	4.5
230	4.19611333333333	909253	4.12
172	4.213428	909253	4.2
134	4.23085066666667	909253	4.44
17	4.28455966666666	909253	4.3
290	4.28912133333333	909253	4.5
179	4.31444666666666	909253	4.04
147	4.332618	909253	3.95
304	4.416725	909253	4.5
263	4.445515	909253	4.57
192	4.47487133333333	909253	4.52
231	4.49930666666667	909253	4.69
345	4.50204200000001	909253	4.69
238	4.50487000000001	909253	4.64
1375	4.54057466666667	909253	4.18
71	4.54671466666666	909253	4.68
1378	4.58836766666667	909253	4.57
193	4.64858533333334	909253	4.51
341	4.75660933333333	909253	4.73
266	4.77886633333332	909253	4.62
190	5.11382133333334	909253	5.13
1114	6.04110333333333	909253	5.91
165	8.42307866666665	909253	8.16
