DRUG_ID	ic50_pred	COSMIC_ID	LN_IC50
197	-3.40939466666667	909754	-3.83
1494	-1.753163	909754	-1.87
1003	-0.763462000000001	909754	-0.55
201	-0.554087333333332	909754	0.37
283	-0.399805333333333	909754	-0.47
3	-0.212855	909754	-0.11
1016	-0.212592333333334	909754	0.22
1031	0.205871333333333	909754	0.42
87	0.398	909754	0.39
1230	0.439361	909754	0.72
208	0.466747666666667	909754	1.28
1261	0.539077999999998	909754	1.39
1060	0.738437	909754	1.23
1008	1.01014433333333	909754	1.32
312	1.031179	909754	1.6
153	1.100153	909754	1.25
11	1.20924833333333	909754	1.45
53	1.487883	909754	2.37
1032	1.567149	909754	1.56
83	1.70824666666667	909754	1.75
1248	1.85345566666666	909754	2.3
86	2.11756733333334	909754	2.33
155	2.12029733333333	909754	3.02
1529	2.122358	909754	2.88
202	2.21471566666666	909754	2.29
1010	2.25796633333334	909754	3.2
1264	2.36705566666667	909754	2.82
133	2.38199033333333	909754	3.4
38	2.43736733333333	909754	2.26
1038	2.46464133333334	909754	2.57
154	2.49115699999999	909754	2.28
1006	2.601177	909754	3.1
166	2.63110166666667	909754	3.46
35	2.69403866666666	909754	3.1
184	2.78742533333333	909754	3.27
1498	2.84242633333333	909754	2.86
34	2.85690333333334	909754	2.49
1218	2.95027966666667	909754	3.7
1037	2.95153	909754	3.01
175	2.968775	909754	3.1
254	2.98441333333334	909754	3.46
64	2.989531	909754	2.86
52	3.03845900000001	909754	3.38
252	3.073031	909754	3.68
150	3.22011966666666	909754	3.5
1262	3.22819200000001	909754	3.7
1021	3.22860866666666	909754	4.58
1022	3.23073533333333	909754	4.07
277	3.23762566666665	909754	3.87
135	3.258829	909754	3.91
119	3.29005666666666	909754	4.34
1192	3.29384966666667	909754	3.49
88	3.374584	909754	3.51
1011	3.38160066666667	909754	3.95
1046	3.39230500000001	909754	3.96
331	3.450439	909754	3.49
185	3.47315633333333	909754	4.82
1170	3.48297533333333	909754	3.33
1019	3.543706	909754	4.58
171	3.55350466666666	909754	4.02
1	3.57111933333333	909754	4.26
1219	3.57986366666666	909754	3.79
32	3.58784733333333	909754	4.52
1142	3.59632533333332	909754	3.85
1241	3.61518099999999	909754	3.61
1053	3.62642166666666	909754	4.31
1054	3.63109966666667	909754	4.18
226	3.66862933333333	909754	4.8
41	3.67595933333333	909754	3.75
1029	3.70470699999999	909754	4.58
1049	3.71746633333334	909754	4.44
6	3.74087133333334	909754	4.48
1062	3.75735533333333	909754	3.97
1259	3.79127266666666	909754	4.02
1023	3.79622766666666	909754	4.57
1164	3.81128333333334	909754	3.96
45	3.85319366666667	909754	4.71
328	3.87858866666666	909754	4.77
37	3.88133399999999	909754	4.54
1013	3.88262366666666	909754	4.58
223	3.89367733333334	909754	4.21
1091	3.89928633333333	909754	4.82
1069	3.91570433333334	909754	3.73
164	3.92828966666667	909754	4.18
63	3.936545	909754	4.08
282	3.94786299999999	909754	4.6
1028	3.95787833333335	909754	4.39
273	4.01824799999999	909754	4.37
62	4.03112033333332	909754	4.62
302	4.03856166666666	909754	3.82
346	4.09410933333333	909754	4.77
272	4.099686	909754	4.34
192	4.16382066666666	909754	3.79
1175	4.17026566666666	909754	4.52
30	4.24854433333333	909754	5.27
29	4.24973	909754	5.24
106	4.36803366666667	909754	5.26
1050	4.36876366666666	909754	5.27
1067	4.384643	909754	4.41
1015	4.41783066666665	909754	5.06
293	4.42749499999999	909754	4.24
89	4.46630466666667	909754	4.93
91	4.47986166666668	909754	4.92
136	4.554422	909754	4.53
54	4.55569166666668	909754	5.42
249	4.58689933333333	909754	5.52
1268	4.59310399999999	909754	5.31
1052	4.61879466666667	909754	5.5
1033	4.68290733333334	909754	4.67
1199	4.70406999999998	909754	5.31
281	4.70813366666667	909754	5.42
310	4.73693433333333	909754	5.52
178	4.77112733333334	909754	5.44
110	4.77335533333333	909754	5.05
1017	4.78000466666667	909754	5.48
1030	4.78829433333334	909754	5.07
1005	4.80019466666666	909754	6.11
204	4.80727766666666	909754	4.99
1143	4.81099800000001	909754	5.51
330	4.812098	909754	5.75
186	4.83292566666665	909754	5.81
1203	4.83750633333334	909754	5.26
1158	4.84834233333332	909754	5.6
262	4.85362699999999	909754	5.52
308	4.87876799999999	909754	5.52
1373	4.90556266666666	909754	5.64
299	4.90813233333333	909754	4.59
1061	4.91202266666667	909754	5.5
1020	4.91603533333333	909754	5.5
228	4.92338099999999	909754	5.85
206	4.93315166666668	909754	5.42
1495	4.94018733333333	909754	5.75
271	4.94714233333335	909754	5.46
1018	4.954581	909754	5.5
207	4.98499366666666	909754	5.81
292	4.985454	909754	5.64
1009	4.98649733333334	909754	5.3
306	4.99512100000001	909754	5.76
219	5.03737066666667	909754	5.67
298	5.04356533333333	909754	5.45
152	5.04839200000001	909754	5.44
333	5.05952166666667	909754	5.36
235	5.05958266666666	909754	5.47
301	5.12322466666666	909754	5.59
1047	5.12839433333333	909754	5.86
1377	5.15023433333332	909754	5.85
1502	5.167682	909754	6
71	5.18460866666666	909754	5.35
5	5.190032	909754	5.97
1371	5.19251633333333	909754	6
261	5.21718633333332	909754	6.12
222	5.21952033333332	909754	6.18
1194	5.227546	909754	6
225	5.23405533333334	909754	6.21
1043	5.24621866666667	909754	5.84
256	5.25442233333334	909754	5.98
257	5.26867400000001	909754	6.21
329	5.27380833333333	909754	6.11
288	5.29040933333334	909754	6.21
1036	5.30328133333332	909754	6.18
326	5.30582366666668	909754	5.98
1129	5.35600399999999	909754	6.16
111	5.36533566666668	909754	6.42
260	5.39108400000001	909754	6.21
253	5.39839633333332	909754	5.97
1042	5.40094199999999	909754	6.06
211	5.41728233333335	909754	6.21
295	5.42503633333334	909754	6.21
203	5.43046433333331	909754	6.35
286	5.48638400000001	909754	6.21
274	5.49277833333334	909754	5.71
300	5.50093433333334	909754	6.21
255	5.50430433333335	909754	6.15
1039	5.51583666666668	909754	6.03
332	5.56628433333334	909754	6.21
258	5.57239333333335	909754	6.19
205	5.59969966666667	909754	6.16
221	5.66583033333333	909754	6.5
1236	5.68712833333333	909754	6.7
276	5.726463	909754	5.89
177	5.75328166666666	909754	6.6
265	5.77223	909754	6.8
224	5.80516599999999	909754	6.64
291	5.81602533333333	909754	6.49
147	5.81854199999999	909754	6.66
287	5.83533066666668	909754	6.88
229	5.84579333333334	909754	6.8
167	5.89687100000001	909754	6.57
17	5.90219833333332	909754	6.66
305	5.90505133333335	909754	6.88
263	5.90889333333335	909754	6.88
193	5.90960799999999	909754	6.1
275	5.91398433333336	909754	6.88
279	5.91927900000002	909754	6.88
309	6.00791433333336	909754	6.88
344	6.01288966666668	909754	6.88
303	6.01322466666669	909754	6.88
238	6.06729133333335	909754	6.88
304	6.07489166666668	909754	6.88
294	6.09564066666668	909754	6.88
230	6.10070666666664	909754	6.87
345	6.10727633333335	909754	6.88
269	6.13597600000001	909754	6.71
290	6.17815766666669	909754	6.88
341	6.21383333333332	909754	6.58
245	6.36331833333333	909754	6.91
266	6.36397966666669	909754	6.88
179	6.39131800000001	909754	7.34
1375	6.51883766666664	909754	7.1
1114	6.54903833333334	909754	6.78
190	7.21815000000001	909754	7.9
196	9.78511799999999	909754	9.48
