DRUG_ID	ic50_pred	COSMIC_ID	LN_IC50
197	-2.48675266666666	1298146	-2.27
1261	-0.347866333333334	1298146	-0.62
140	-0.137765	1298146	0.49
1230	0.0825043333333332	1298146	0.26
208	0.312167666666667	1298146	1.24
1008	0.340935000000001	1298146	0.43
283	0.347931666666666	1298146	1.14
312	0.845721000000001	1298146	1.23
155	0.893873999999998	1298146	0.71
133	0.985313	1298146	0.87
194	1.24320233333333	1298146	1.89
1010	1.37938966666667	1298146	1.5
1032	1.701405	1298146	1.94
1248	1.74068633333333	1298146	1.78
153	1.885459	1298146	2.6
1021	2.029106	1298146	1.75
1264	2.08028466666666	1298146	2.31
1046	2.24081	1298146	1.9
1029	2.27193933333333	1298146	1.97
184	2.352129	1298146	2.25
1218	2.49612266666667	1298146	2.63
1050	2.59805966666667	1298146	2.44
202	2.60946	1298146	3.07
1498	2.67444666666667	1298146	2.49
1038	2.68305966666667	1298146	2.85
252	2.69419166666667	1298146	3.07
166	2.794402	1298146	3.16
277	2.79854566666667	1298146	2.98
254	2.80328133333333	1298146	3.32
1028	2.80500233333333	1298146	2.62
1526	2.82005566666667	1298146	2.41
1262	2.851059	1298146	3.14
185	2.95034066666666	1298146	3.3
150	3.031781	1298146	3.32
163	3.033151	1298146	3.51
175	3.03611433333334	1298146	3.47
1013	3.04893166666667	1298146	3.17
171	3.112658	1298146	3.49
1049	3.16936000000001	1298146	3.38
1062	3.22934733333333	1298146	2.95
328	3.240862	1298146	3.54
1143	3.25062766666667	1298146	3.01
1069	3.26824766666667	1298146	2.96
1170	3.27774033333334	1298146	3.13
1242	3.28097533333333	1298146	3.27
282	3.34228266666667	1298146	3.68
1052	3.38368599999999	1298146	3.37
1268	3.518583	1298146	3.41
1219	3.53696433333333	1298146	3.73
1129	3.54623333333334	1298146	3.39
226	3.563013	1298146	4.24
156	3.68584899999999	1298146	4.05
1072	3.698907	1298146	3.87
1030	3.734074	1298146	3.64
346	3.79110200000001	1298146	4.14
1042	3.86157533333333	1298146	3.52
1017	3.86297933333334	1298146	3.92
1036	3.90691266666667	1298146	3.66
1495	3.91288933333333	1298146	3.77
223	3.92384666666666	1298146	4.57
154	3.929447	1298146	4.23
159	4.02855366666666	1298146	4.54
1241	4.07852266666667	1298146	3.96
271	4.08778666666666	1298146	4.3
249	4.111872	1298146	4.91
1033	4.14458366666667	1298146	3.95
273	4.145215	1298146	4.49
293	4.16757633333333	1298146	4.27
199	4.17160333333333	1298146	4.3
1164	4.18382966666667	1298146	4.52
1061	4.22039133333334	1298146	4.44
262	4.27874533333334	1298146	4.93
1018	4.28453266666666	1298146	4.61
281	4.31288966666667	1298146	4.89
207	4.32601699999999	1298146	5.04
256	4.34474066666666	1298146	5.04
1020	4.37004233333334	1298146	4.89
310	4.38459333333333	1298146	4.93
1371	4.38668599999999	1298146	4.37
1199	4.40079233333333	1298146	4.75
186	4.41876333333334	1298146	4.91
1175	4.425938	1298146	4.79
292	4.43119833333334	1298146	4.65
219	4.45217199999999	1298146	5.08
1067	4.46473433333334	1298146	4.68
1047	4.49665533333333	1298146	4.86
1043	4.52792533333334	1298146	4.67
1161	4.54273299999999	1298146	4.62
268	4.55064866666666	1298146	4.82
298	4.55561833333333	1298146	4.83
177	4.569156	1298146	4.75
1009	4.57190233333334	1298146	4.68
308	4.61809533333334	1298146	4.93
206	4.65168133333334	1298146	4.95
299	4.66634333333333	1298146	4.79
276	4.67399066666667	1298146	4.71
178	4.68413666666666	1298146	5.31
229	4.70195866666666	1298146	4.83
306	4.70201700000001	1298146	5.14
330	4.73523633333332	1298146	5.62
257	4.76100566666666	1298146	5.62
1377	4.77186900000001	1298146	5.42
253	4.78172166666667	1298146	4.95
1373	4.78664966666667	1298146	5.23
228	4.79389799999999	1298146	5.6
255	4.83061866666667	1298146	5.19
295	4.85602099999999	1298146	5.61
288	4.86372966666665	1298146	5.62
1502	4.87232033333334	1298146	5.44
211	4.89012933333332	1298146	5.62
1158	4.89543866666667	1298146	5.44
235	4.91312666666666	1298146	5.36
261	4.94373833333332	1298146	5.62
329	4.95500266666667	1298146	5.42
225	4.95939799999999	1298146	5.62
134	4.97966799999999	1298146	5.33
1194	4.98464433333335	1298146	5.44
331	5.00533533333332	1298146	5.62
203	5.02946933333332	1298146	5.81
333	5.03914866666665	1298146	5.56
151	5.03928999999998	1298146	5.62
300	5.04173766666665	1298146	5.62
1203	5.04710300000001	1298146	5.44
193	5.05581000000001	1298146	4.76
302	5.07322466666666	1298146	5.62
205	5.07911966666666	1298146	5.18
221	5.09037433333333	1298146	5.66
1039	5.096183	1298146	5.5
260	5.09771133333332	1298146	5.62
1025	5.10442866666665	1298146	5.6
222	5.10797899999999	1298146	5.6
286	5.11931466666666	1298146	5.62
258	5.186295	1298146	5.55
332	5.19836866666666	1298146	5.62
326	5.20062066666666	1298146	5.62
301	5.23722666666666	1298146	5.62
152	5.24490899999999	1298146	6.06
287	5.29612633333333	1298146	6.29
192	5.31660866666666	1298146	5.77
1236	5.40257699999999	1298146	5.54
190	5.41344833333333	1298146	5.34
147	5.42583199999999	1298146	6.06
265	5.48725333333334	1298146	6.17
305	5.50294733333332	1298146	6.29
294	5.50953366666668	1298146	6.26
291	5.52231	1298146	6.2
269	5.52303633333334	1298146	6.28
274	5.548273	1298146	5.61
309	5.59089166666666	1298146	6.29
303	5.595126	1298146	6.29
304	5.60578833333333	1298146	6.29
263	5.62386466666666	1298146	6.2
224	5.64547233333333	1298146	6.29
275	5.66300733333333	1298146	6.29
279	5.67619166666666	1298146	6.29
341	5.67813	1298146	5.85
290	5.69291733333333	1298146	6.27
238	5.69310999999999	1298146	6.04
230	5.70401333333333	1298146	6.29
231	5.73544666666667	1298146	6.26
344	5.744035	1298146	6.29
345	5.74502366666668	1298146	6.28
266	5.96310433333333	1298146	6.29
179	5.96527233333335	1298146	6.76
1375	6.194459	1298146	6.52
245	6.21435099999999	1298146	6.93
176	6.23617966666665	1298146	6.72
1114	6.25083833333333	1298146	6.25
