DRUG_ID	ic50_pred	COSMIC_ID	LN_IC50
104	-2.72443933333333	753551	-2.77
197	-2.048243	753551	-1.83
1007	-1.93921366666667	753551	-1.63
201	-1.90837533333333	753551	-2.13
140	-1.20227133333333	753551	-1.09
3	-1.16574033333333	753551	-1.45
11	-0.840697333333333	753551	-0.75
87	-0.341980333333333	753551	-0.37
60	-0.257012	753551	-0.17
194	-0.126918	753551	-0.13
1004	0.0955023333333332	753551	0.62
1261	0.125837	753551	0.55
208	0.154709333333333	753551	0.57
1016	0.190235666666667	753551	0.27
1031	0.255685	753551	0.49
312	0.529359666666668	753551	0.8
1230	0.607449999999999	753551	0.89
133	0.758376	753551	0.56
180	0.760561999999998	753551	0.89
135	0.837669333333333	753551	0.73
1026	1.21444	753551	0.57
1060	1.425929	753551	1.9
254	1.528311	753551	1.41
1024	1.56225566666667	753551	1.62
153	1.70081633333333	753551	2.34
155	1.755558	753551	1.92
1010	1.90286466666667	753551	2.44
1264	2.09538033333333	753551	2.38
51	2.14845366666667	753551	1.97
1262	2.19224166666667	753551	2.19
1032	2.23933066666667	753551	2.58
45	2.26196833333333	753551	2.08
1529	2.266149	753551	2.37
277	2.37524633333333	753551	2.37
1372	2.40624266666666	753551	2.8
1218	2.45968633333333	753551	3.04
52	2.46409566666667	753551	2.35
1	2.468326	753551	2.18
1192	2.55264733333333	753551	2.3
226	2.60254933333333	753551	2.77
1058	2.609845	753551	2.83
119	2.63229066666666	753551	2.37
184	2.75828233333333	753551	3.42
34	2.764594	753551	2.58
171	2.808071	753551	2.76
9	2.82711233333334	753551	3.22
35	2.84486433333333	753551	3.24
1021	2.909104	753551	3.92
202	2.91433466666667	753551	3.32
1046	2.919772	753551	2.92
310	2.94003166666667	753551	3
150	2.94119966666666	753551	3.31
163	2.975487	753551	3.29
166	2.97633266666667	753551	3.19
256	2.98748866666666	753551	2.87
175	3.065668	753551	3.27
32	3.06847333333333	753551	3.32
37	3.07303	753551	3.28
56	3.20645766666667	753551	2.98
1175	3.23500833333334	753551	2.95
1053	3.25915366666666	753551	3.28
127	3.279447	753551	3.82
54	3.28967333333333	753551	3.28
1049	3.290296	753551	3.68
64	3.31873	753551	3.23
164	3.341501	753551	3.45
6	3.34291533333334	753551	3.67
228	3.35034733333334	753551	3.14
38	3.39448066666668	753551	3.88
1527	3.40476966666667	753551	3.74
1038	3.405662	753551	3.65
1028	3.45831833333333	753551	4
1013	3.459778	753551	4.01
1069	3.50161899999999	753551	3.3
1023	3.503175	753551	3.87
156	3.50865966666666	753551	3.61
1006	3.51526766666667	753551	3.98
257	3.527028	753551	3.28
1019	3.54091033333334	753551	3.89
260	3.54194033333334	753551	3.38
1268	3.543788	753551	3.39
1005	3.55684599999999	753551	3.09
203	3.55770166666666	753551	3.32
185	3.59835233333334	753551	4.24
158	3.60261933333334	753551	4.26
182	3.60311533333333	753551	3.58
1495	3.61031000000001	753551	3.18
281	3.61733833333334	753551	3.64
306	3.61777666666667	753551	3.67
282	3.61799066666667	753551	4.17
1029	3.62441433333333	753551	4
1017	3.68696399999999	753551	3.81
30	3.70879466666666	753551	4.3
29	3.72847033333333	753551	3.99
222	3.73718599999999	753551	3.87
55	3.75171066666667	753551	3.93
59	3.765922	753551	3.55
225	3.788683	753551	4.3
154	3.817685	753551	4.18
1066	3.82589966666667	753551	4.16
293	3.84993966666666	753551	3.83
1259	3.852992	753551	3.55
1498	3.858567	753551	4.06
1129	3.86269666666667	753551	3.69
91	3.86353566666666	753551	3.84
62	3.872815	753551	4.38
1091	3.87286766666667	753551	4.29
1037	3.88626566666667	753551	4.26
287	3.898462	753551	3.83
249	3.90160733333333	753551	4.45
152	3.90800566666666	753551	3.87
326	3.92151733333334	753551	3.88
204	3.92311733333334	753551	3.89
303	3.96025633333333	753551	3.81
106	3.96620100000001	753551	3.9
262	4.00074533333333	753551	4.21
178	4.00148033333334	753551	4.13
1062	4.01193066666667	753551	4.22
304	4.012659	753551	3.9
1243	4.035394	753551	4.24
235	4.04943233333333	753551	4.23
1526	4.08297766666667	753551	4.21
206	4.10377766666666	753551	4.32
1199	4.11164266666666	753551	4.36
330	4.11536333333334	753551	4.73
275	4.127002	753551	4.02
1050	4.14184	753551	4.58
159	4.16797466666667	753551	4.4
1052	4.17278266666667	753551	4.42
1236	4.20911833333333	753551	3.97
1170	4.21552833333333	753551	4.01
298	4.22358633333333	753551	4.36
151	4.23436433333333	753551	4.49
269	4.23978666666666	753551	4.17
1242	4.24266133333333	753551	4.37
71	4.26172766666667	753551	4.07
199	4.27381166666666	753551	4.54
5	4.29950399999999	753551	4.58
89	4.30415466666667	753551	4.93
1020	4.404196	753551	4.77
207	4.41356333333333	753551	5.05
1054	4.41950166666667	753551	4.67
224	4.43222966666666	753551	4.54
1014	4.44544266666667	753551	4.92
170	4.44603733333333	753551	4.79
271	4.44916233333333	753551	4.93
94	4.45966199999999	753551	4.34
1072	4.46354999999999	753551	4.84
1061	4.46785033333333	753551	4.8
167	4.47936733333333	753551	4.84
292	4.47990566666666	753551	4.8
1018	4.49340166666667	753551	4.92
1219	4.49828766666667	753551	5.38
179	4.50413	753551	4.24
1194	4.512715	753551	4.7
1009	4.515221	753551	4.76
1047	4.52894733333334	753551	4.68
301	4.57320799999999	753551	5.09
110	4.57771533333333	753551	4.52
261	4.58418266666667	753551	5.01
331	4.59425866666667	753551	5.14
211	4.59866733333332	753551	5.31
295	4.59989966666667	753551	5.15
1015	4.67615966666667	753551	5.22
1502	4.68243266666666	753551	4.86
290	4.70615066666667	753551	4.88
1036	4.70625666666667	753551	4.91
63	4.745952	753551	5.44
17	4.74643700000001	753551	4.67
329	4.74857466666666	753551	5.3
305	4.76483766666667	753551	5.21
1067	4.78955033333334	753551	5.2
221	4.80856366666668	753551	5.42
1371	4.81601533333333	753551	5.04
279	4.81845933333333	753551	4.83
1239	4.83095933333333	753551	5.19
238	4.842283	753551	4.88
309	4.86803433333333	753551	5.01
1377	4.87008733333333	753551	5.28
255	4.87081266666667	753551	5.05
286	4.88324366666666	753551	5.43
193	4.92188333333333	753551	4.99
253	4.93364733333333	753551	5.41
1033	4.939098	753551	5.34
186	4.93928866666668	753551	5.4
345	4.96343099999999	753551	5.04
291	4.964986	753551	5.44
1241	4.96939333333333	753551	5.49
266	4.99369266666667	753551	4.64
288	5.00887666666667	753551	5.64
111	5.02153366666665	753551	5.31
1043	5.040724	753551	5.33
332	5.04939499999999	753551	5.29
265	5.06544533333334	753551	5.92
1039	5.085339	753551	5.39
1373	5.09124766666667	753551	5.39
177	5.14334566666667	753551	5.64
205	5.16236966666667	753551	5.5
333	5.17926333333333	753551	5.64
1030	5.18594633333334	753551	5.46
1042	5.19084166666666	753551	5.6
258	5.196598	753551	5.64
230	5.27308866666667	753551	5.57
1025	5.33337666666666	753551	5.62
190	5.34132466666668	753551	5.4
229	5.37877333333334	753551	5.94
147	5.38445133333333	753551	6.04
294	5.39610233333335	753551	6.15
192	5.40862699999999	753551	5.79
263	5.50444833333333	753551	6.14
172	5.55586566666666	753551	6.11
173	5.57853566666666	753551	6.12
231	5.60048733333333	753551	5.81
344	5.85822466666666	753551	6.31
341	5.86936000000001	753551	6.23
1375	6.01547866666666	753551	6.41
176	6.19384366666665	753551	6.7
1114	6.99917500000002	753551	7.38
1001	9.04807866666668	753551	9.32
165	9.16055133333334	753551	9.02
