DRUG_ID	ic50_pred	COSMIC_ID	LN_IC50
197	-3.49563099999999	1299075	-4.08
3	-1.08065	1299075	-1.11
1057	-0.453539333333334	1299075	-0.83
1261	-0.376023000000001	1299075	-0.59
1230	0.201291666666667	1299075	0.31
1060	0.274621333333333	1299075	0.13
1008	0.356318333333334	1299075	0.61
153	0.384641666666666	1299075	0.1
312	0.41941	1299075	0.62
1016	0.484905000000001	1299075	1.15
1026	1.303437	1299075	1.08
1264	1.372132	1299075	1.2
1006	1.52381	1299075	1.01
1032	1.60407	1299075	1.61
1059	1.699163	1299075	1.3
202	1.699651	1299075	1.37
1010	1.712175	1299075	2.07
254	1.766204	1299075	1.66
155	1.77488133333334	1299075	2.09
1248	1.91446	1299075	1.72
32	1.93756533333333	1299075	1.6
158	2.027579	1299075	1.86
277	2.02884766666667	1299075	1.91
1218	2.080824	1299075	2.17
51	2.15271	1299075	2.01
30	2.300523	1299075	2.08
171	2.308448	1299075	1.98
1054	2.32270733333333	1299075	1.98
166	2.383744	1299075	2.39
1053	2.389957	1299075	1.83
1372	2.39937	1299075	2.64
282	2.41954866666666	1299075	2.3
1262	2.50401266666667	1299075	2.6
150	2.52018433333333	1299075	2.56
1058	2.65045066666667	1299075	2.42
1049	2.67623733333333	1299075	2.55
249	2.68935166666667	1299075	2.46
37	2.71188033333334	1299075	2.7
1037	2.73370433333334	1299075	2.24
1021	2.73589466666666	1299075	3.3
52	2.74154133333333	1299075	3
1038	2.75584466666667	1299075	2.91
119	2.833863	1299075	2.84
64	2.86749366666667	1299075	2.9
38	2.873745	1299075	2.88
159	2.88673366666666	1299075	2.58
1046	2.94482966666667	1299075	3.39
1011	2.950509	1299075	3.37
29	2.98518133333334	1299075	3.16
6	2.999314	1299075	3.02
1050	3.056523	1299075	3.2
1242	3.063906	1299075	2.78
34	3.07812066666667	1299075	3.16
106	3.098167	1299075	2.58
1	3.11303333333333	1299075	3.31
1029	3.113093	1299075	3.2
1019	3.13555766666667	1299075	3.45
257	3.14228433333333	1299075	2.66
54	3.142864	1299075	3.02
178	3.15957666666667	1299075	2.96
1028	3.17649200000001	1299075	3.45
127	3.187128	1299075	3.54
330	3.20337866666667	1299075	2.63
1023	3.220339	1299075	3.44
1013	3.225452	1299075	3.45
301	3.24174833333333	1299075	2.75
295	3.30171166666668	1299075	2.94
1259	3.349183	1299075	2.81
253	3.39191199999999	1299075	2.79
1061	3.41391266666668	1299075	3.13
271	3.44608233333333	1299075	3.28
1025	3.51391133333333	1299075	2.84
1373	3.54239733333334	1299075	2.95
154	3.54472233333334	1299075	3.7
300	3.60296866666667	1299075	3
1498	3.635649	1299075	3.84
1192	3.63615666666666	1299075	4.05
1052	3.66934733333334	1299075	3.63
5	3.67399233333334	1299075	3.64
111	3.699191	1299075	3.14
56	3.77324	1299075	3.73
55	3.774692	1299075	3.93
291	3.77560333333333	1299075	3.34
1030	3.779211	1299075	3.75
1062	3.80371600000001	1299075	4.15
229	3.82151633333334	1299075	3.41
286	3.83829833333334	1299075	3.63
293	3.86545233333333	1299075	3.75
1241	3.87847199999999	1299075	3.08
1268	3.88844966666667	1299075	3.95
288	3.89541833333334	1299075	3.63
292	3.901355	1299075	3.57
298	3.93892333333333	1299075	3.59
262	3.97159833333334	1299075	4.39
1014	3.985199	1299075	4.1
261	3.98749133333333	1299075	4.04
1199	3.99342666666667	1299075	4.25
1175	4.00117933333333	1299075	4.32
1009	4.00345833333333	1299075	3.77
1526	4.006764	1299075	4.26
1017	4.03080766666666	1299075	4.37
199	4.05299866666667	1299075	4.14
91	4.07368099999999	1299075	4.33
211	4.08679366666667	1299075	4.26
1072	4.12189333333333	1299075	4.37
186	4.124773	1299075	4.18
177	4.15185033333334	1299075	4.2
110	4.16696233333333	1299075	4
1069	4.18035199999999	1299075	4.85
341	4.21358633333335	1299075	3.38
1020	4.22411366666666	1299075	4.35
206	4.26134033333334	1299075	4.42
1018	4.26279799999999	1299075	4.37
205	4.27787933333333	1299075	3.98
1047	4.32368533333334	1299075	4.64
1042	4.32899033333333	1299075	4.36
221	4.33031599999999	1299075	4.62
1495	4.37623533333333	1299075	4.52
263	4.37897466666667	1299075	4
255	4.39476733333333	1299075	4.53
1170	4.40363266666667	1299075	4.95
179	4.41272566666667	1299075	4.22
1067	4.41782	1299075	4.65
238	4.42837299999999	1299075	4.33
1158	4.47930433333334	1299075	4.95
94	4.54340366666667	1299075	4.57
260	4.54826466666666	1299075	5.08
1194	4.56458633333333	1299075	4.93
59	4.56611066666667	1299075	4.72
1015	4.56701266666667	1299075	5.07
1005	4.62049499999999	1299075	5.06
1129	4.62227466666666	1299075	5.07
1502	4.63830799999999	1299075	4.84
1377	4.64794866666666	1299075	4.81
1203	4.66131466666667	1299075	4.95
333	4.67260966666666	1299075	5.06
1039	4.69899233333333	1299075	4.85
1036	4.72836866666667	1299075	5.07
344	4.737697	1299075	4.3
147	4.75596433333334	1299075	4.67
1371	4.76985000000001	1299075	4.95
258	4.78490499999999	1299075	5.08
1043	4.79998	1299075	5.02
1033	4.80627	1299075	5.05
332	4.88192133333333	1299075	5.09
190	4.91018233333333	1299075	4.95
279	4.95069333333334	1299075	5.21
192	4.95158999999999	1299075	5.08
71	5.04721233333333	1299075	5.18
17	5.17165066666666	1299075	5.34
230	5.20567799999999	1299075	5.31
290	5.23915900000001	1299075	5.76
309	5.25586266666667	1299075	5.76
345	5.32001566666667	1299075	5.75
1378	5.349516	1299075	5.34
193	5.47218066666667	1299075	5.75
266	5.638942	1299075	5.76
1114	5.64483866666666	1299075	5.04
1375	5.81208966666667	1299075	6.05
196	10.1536776666667	1299075	10.35
