DRUG_ID	ic50_pred	COSMIC_ID	LN_IC50
197	-2.28420633333333	908445	-2.05
1261	-0.812130999999998	908445	-1.38
3	-0.681485666666668	908445	-0.74
208	-0.607378	908445	-1.01
283	-0.366564666666667	908445	-0.08
1230	-0.00801133333333332	908445	-0.18
1008	0.332042	908445	0.47
312	0.697629666666667	908445	0.72
1529	1.250778	908445	1.01
153	1.49391966666667	908445	1.64
1010	1.52406766666667	908445	1.95
1032	1.771394	908445	2.08
155	1.79872333333334	908445	2.11
1264	1.90666033333333	908445	1.98
1023	2.01658633333333	908445	1.56
1218	2.25694866666667	908445	2.15
1054	2.266152	908445	1.99
1526	2.332499	908445	2
1498	2.33813166666667	908445	2.08
1262	2.34391833333333	908445	2.14
252	2.37774900000001	908445	2.85
1021	2.40621433333333	908445	2.26
127	2.52637566666667	908445	2.46
277	2.61390033333334	908445	2.7
166	2.61749166666667	908445	2.76
163	2.65122799999999	908445	2.81
202	2.66698299999999	908445	2.8
150	2.69921966666666	908445	2.8
1019	2.70703566666667	908445	2.84
32	2.72732633333333	908445	2.66
52	2.734777	908445	3.03
51	2.737893	908445	3.02
35	2.76487066666666	908445	3.02
1028	2.78234166666667	908445	2.65
1038	2.78508066666667	908445	3.07
254	2.792549	908445	2.8
119	2.81491266666666	908445	3.06
64	2.83924733333333	908445	2.83
1	2.92224	908445	3.36
30	2.95374733333334	908445	3
38	2.96749	908445	3.35
328	2.97627166666667	908445	2.94
1239	2.98817500000001	908445	2.66
1013	3.02475433333333	908445	3.25
1037	3.02830166666667	908445	2.96
1029	3.04482499999999	908445	3.31
1046	3.04978766666667	908445	3.22
1049	3.06627333333333	908445	3.08
171	3.10933566666667	908445	3.72
1050	3.11449566666667	908445	2.99
1062	3.115514	908445	3.11
1175	3.115983	908445	2.64
282	3.12226466666667	908445	3.7
207	3.140441	908445	3.02
226	3.17414533333333	908445	3.72
185	3.197502	908445	3.72
34	3.201282	908445	3.39
175	3.277449	908445	3.58
158	3.30401666666667	908445	3.72
1133	3.30505633333334	908445	3.22
56	3.41252633333333	908445	3.31
164	3.47601333333334	908445	3.5
154	3.53729966666667	908445	3.72
156	3.57238766666667	908445	3.75
1192	3.57980933333333	908445	4.03
331	3.60704066666667	908445	3.7
1018	3.63446666666666	908445	3.37
346	3.64026366666667	908445	3.7
62	3.65465266666666	908445	4.01
89	3.66591066666667	908445	3.78
1091	3.67938966666666	908445	4.06
1020	3.72785133333334	908445	3.66
55	3.732715	908445	4.19
1268	3.734278	908445	3.83
1052	3.74190166666667	908445	3.9
106	3.74788766666667	908445	3.94
203	3.75577966666666	908445	3.62
159	3.76640100000001	908445	4.39
204	3.78986166666666	908445	3.34
111	3.80865933333334	908445	3.65
1199	3.858252	908445	3.93
301	3.90239466666667	908445	3.7
1017	3.90396399999999	908445	4.06
1373	3.91553733333333	908445	4.02
1377	3.917147	908445	3.8
1219	3.92088733333333	908445	4.32
91	3.92321666666667	908445	3.96
1009	3.93631399999999	908445	3.59
224	3.95517733333333	908445	3.61
310	3.95971633333334	908445	4.41
1061	3.96924733333333	908445	4.11
54	3.98263833333333	908445	4.29
262	3.98503866666667	908445	4.41
1072	4.00962700000001	908445	4.19
299	4.02545333333334	908445	3.97
287	4.04210466666668	908445	3.88
298	4.04913366666666	908445	4.05
271	4.05031066666667	908445	3.92
293	4.10876533333333	908445	3.85
178	4.15286566666666	908445	4.32
281	4.15553633333334	908445	4.41
1495	4.18841099999999	908445	4.29
302	4.20045166666667	908445	4.19
63	4.22170566666667	908445	4.49
235	4.23353266666666	908445	4.35
59	4.24199833333334	908445	4.38
199	4.26366500000001	908445	4.63
1067	4.27314266666666	908445	4.26
206	4.29027866666666	908445	4.33
1069	4.31872899999999	908445	4.58
110	4.35641766666667	908445	4.32
186	4.38487666666666	908445	4.86
172	4.38829633333334	908445	4.17
1142	4.41781433333333	908445	4.75
1241	4.42190833333333	908445	4.6
256	4.43510033333333	908445	5.11
1371	4.43832800000001	908445	4.38
1047	4.44119733333333	908445	4.54
1502	4.44326166666667	908445	4.38
1164	4.45584566666667	908445	4.98
1030	4.48429166666667	908445	4.9
71	4.49200633333333	908445	4.25
5	4.52895733333333	908445	4.85
330	4.56175933333333	908445	5.11
1129	4.59748833333333	908445	4.93
1143	4.59812800000001	908445	4.98
1194	4.60883033333334	908445	4.71
228	4.62287866666666	908445	4.99
151	4.62712599999999	908445	5.1
306	4.63136	908445	5.1
94	4.63140466666666	908445	5.08
288	4.64674066666666	908445	5.1
295	4.64830533333332	908445	5.11
333	4.665279	908445	4.66
257	4.66564966666666	908445	5.11
211	4.71615433333334	908445	4.94
221	4.72275266666668	908445	4.92
1158	4.72393166666667	908445	4.98
261	4.72587966666666	908445	5.11
1042	4.736706	908445	4.82
303	4.74155933333333	908445	4.87
222	4.74202299999999	908445	5.1
260	4.74332233333333	908445	5.11
300	4.743913	908445	5.11
1036	4.75310666666666	908445	4.8
1043	4.75463766666666	908445	4.87
326	4.75846933333333	908445	5.11
1025	4.770055	908445	5.07
225	4.78550833333332	908445	5.1
329	4.79771966666666	908445	5.11
255	4.813959	908445	5.11
1203	4.82587433333333	908445	4.98
1033	4.84771833333334	908445	5.03
286	4.84787699999999	908445	5.08
292	4.85162266666667	908445	5.3
152	4.88266233333333	908445	5.06
253	4.90016266666666	908445	5.11
258	4.90056033333333	908445	5.11
1039	4.934257	908445	5.08
205	4.997695	908445	5.11
332	5.008562	908445	5.11
147	5.08051266666667	908445	5.09
167	5.10139666666667	908445	5.34
177	5.19187566666667	908445	5.48
229	5.20144666666666	908445	5.77
291	5.21875533333333	908445	5.77
305	5.23218966666667	908445	5.77
192	5.26265766666667	908445	5.55
17	5.28932333333333	908445	5.55
265	5.30943966666666	908445	5.77
294	5.32946666666667	908445	5.77
238	5.354925	908445	5.77
263	5.37964366666666	908445	5.77
275	5.398056	908445	5.76
1375	5.422605	908445	5.21
304	5.427259	908445	5.77
269	5.43376400000001	908445	5.69
279	5.45958466666666	908445	5.77
344	5.490569	908445	5.77
290	5.500095	908445	5.77
231	5.52528166666666	908445	5.77
230	5.53428166666666	908445	5.7
341	5.55091533333333	908445	5.62
309	5.557344	908445	5.77
345	5.62720333333333	908445	5.77
193	5.69857533333333	908445	5.77
176	5.73066833333333	908445	5.98
266	5.76758266666666	908445	5.77
245	5.95725266666666	908445	6.31
1114	6.44202366666667	908445	6.69
1001	8.38740566666666	908445	8.11
