DRUG_ID	ic50_pred	COSMIC_ID	LN_IC50
1007	-2.756539	1240182	-2.67
197	-2.00190866666667	1240182	-1.75
1494	-1.71232233333333	1240182	-1.43
3	-1.22731866666667	1240182	-1.22
53	-0.688980999999999	1240182	-0.95
1003	-0.621631333333333	1240182	-0.41
1004	-0.399861666666666	1240182	-0.16
194	0.0951766666666666	1240182	0.36
1261	0.187636666666667	1240182	0.62
1016	0.452831333333334	1240182	0.86
1230	0.508302	1240182	0.65
133	0.615361666666667	1240182	0.51
312	0.667995666666666	1240182	1.02
1008	0.768511999999999	1240182	1.26
1031	0.770533666666669	1240182	1.47
9	0.814646333333334	1240182	0.47
1057	0.883034999999999	1240182	1.52
135	0.990574333333334	1240182	0.5
83	1.16815033333333	1240182	0.85
1024	1.32426066666667	1240182	1.36
1060	1.36145633333334	1240182	1.61
153	1.54611466666666	1240182	2.01
35	1.59476733333333	1240182	1.31
51	1.67033833333333	1240182	1.06
155	1.798556	1240182	1.97
1010	1.82653833333333	1240182	2.14
1372	2.01035433333334	1240182	1.95
184	2.078946	1240182	1.97
226	2.121353	1240182	1.94
1264	2.15189066666667	1240182	2.26
1032	2.157564	1240182	2.37
1022	2.23054	1240182	2.25
32	2.32867433333333	1240182	2.3
1218	2.336632	1240182	2.75
1149	2.39224366666667	1240182	2.48
254	2.42464666666667	1240182	2.82
1529	2.43008333333333	1240182	2.81
163	2.43989	1240182	2.7
62	2.58261966666667	1240182	2.18
1026	2.58630299999999	1240182	3.05
158	2.636322	1240182	2.66
1262	2.644265	1240182	2.9
1091	2.69551866666667	1240182	2.4
1192	2.70501233333334	1240182	2.69
127	2.72432200000001	1240182	2.69
202	2.72661233333333	1240182	3.09
150	2.73310466666667	1240182	2.96
277	2.741001	1240182	3.1
45	2.750476	1240182	2.82
1059	2.76441299999999	1240182	3.06
6	2.78507933333334	1240182	2.45
52	2.78661333333334	1240182	3.13
1021	2.871149	1240182	3.76
1	2.87481366666667	1240182	2.7
166	2.91527833333333	1240182	3.08
38	2.92348200000001	1240182	2.96
30	3.11456133333333	1240182	3.11
330	3.129182	1240182	2.82
1046	3.146291	1240182	3.65
1037	3.176514	1240182	3.26
175	3.20660266666667	1240182	3.66
164	3.28249633333333	1240182	3.6
1028	3.286022	1240182	3.74
119	3.28649033333333	1240182	3.77
306	3.28694666666666	1240182	3.08
34	3.29479766666667	1240182	3.76
171	3.30653733333333	1240182	3.49
185	3.30919033333334	1240182	3.7
178	3.33366533333333	1240182	3.12
1013	3.333856	1240182	3.77
282	3.35827733333333	1240182	3.77
1023	3.38048166666666	1240182	3.76
29	3.38376666666667	1240182	3.49
1049	3.39709833333333	1240182	3.77
64	3.40249133333334	1240182	3.64
152	3.41744833333333	1240182	3.27
56	3.44782566666667	1240182	3.22
37	3.45729966666666	1240182	3.77
1019	3.461316	1240182	3.77
1006	3.471197	1240182	3.77
1038	3.478173	1240182	3.76
1029	3.494636	1240182	3.76
5	3.52875466666667	1240182	3.29
281	3.533945	1240182	3.57
310	3.56002366666666	1240182	3.77
225	3.58396733333334	1240182	3.73
55	3.63072166666666	1240182	3.85
1219	3.63668666666666	1240182	3.53
154	3.691239	1240182	4.01
228	3.70372933333334	1240182	3.92
1498	3.74455266666667	1240182	3.75
1371	3.75854533333334	1240182	2.93
275	3.79018166666666	1240182	3.54
271	3.808129	1240182	3.78
1199	3.82187866666667	1240182	3.88
1058	3.82343400000001	1240182	4.45
1053	3.84191466666667	1240182	4.46
249	3.87265766666666	1240182	4.35
207	3.93104433333333	1240182	4.23
134	3.93331666666667	1240182	3.71
156	3.93414566666666	1240182	4.08
235	3.94068733333333	1240182	3.92
326	3.95260266666666	1240182	4.03
295	3.95865766666666	1240182	4.06
1050	3.96641833333334	1240182	4.46
1066	3.96692466666667	1240182	4.38
63	4.002172	1240182	4.11
54	4.02286566666666	1240182	4.35
151	4.063416	1240182	4.24
298	4.07528333333334	1240182	4.15
224	4.13168166666667	1240182	3.99
106	4.13815666666667	1240182	4.51
91	4.15451333333332	1240182	4.56
1377	4.16484233333333	1240182	4
211	4.18506500000001	1240182	4.73
1054	4.19765200000001	1240182	4.46
1062	4.20745533333334	1240182	4.46
1194	4.223896	1240182	4.23
1268	4.237936	1240182	4.57
1502	4.251749	1240182	3.73
265	4.25185266666666	1240182	4.1
1175	4.27371	1240182	4.68
1052	4.27926266666667	1240182	4.68
1017	4.28433333333333	1240182	4.68
186	4.28748500000001	1240182	4.2
1018	4.28861233333333	1240182	4.49
221	4.30263166666668	1240182	4.4
1014	4.30568566666665	1240182	4.62
89	4.33131733333333	1240182	4.68
292	4.33444166666667	1240182	4.7
257	4.33709333333333	1240182	4.75
206	4.33728933333333	1240182	4.6
1072	4.34392766666667	1240182	4.42
333	4.35093033333334	1240182	4.25
1009	4.35280566666667	1240182	4.41
1061	4.366862	1240182	4.67
1020	4.37011900000001	1240182	4.68
1526	4.37347133333332	1240182	4.56
262	4.38646733333334	1240182	4.71
71	4.425897	1240182	4.44
1069	4.43104766666667	1240182	5.01
172	4.45012100000001	1240182	4.42
260	4.45883666666666	1240182	5.1
177	4.47214433333333	1240182	4.57
192	4.47806033333333	1240182	4.22
110	4.51845066666666	1240182	4.53
329	4.52385366666667	1240182	5.15
1236	4.54147633333334	1240182	4.38
1005	4.575335	1240182	4.98
1067	4.57815433333334	1240182	4.71
229	4.59443100000001	1240182	4.71
1133	4.641153	1240182	5.34
286	4.64838966666667	1240182	5.17
111	4.650009	1240182	4.7
303	4.66081833333333	1240182	4.93
231	4.66745099999999	1240182	4.27
199	4.697825	1240182	5.14
261	4.698956	1240182	5.24
1015	4.71859566666665	1240182	5.12
288	4.73763299999999	1240182	5.1
1170	4.75165966666667	1240182	5.19
1042	4.78610599999999	1240182	5.05
253	4.78934000000001	1240182	5.4
1129	4.80407766666668	1240182	5.38
1047	4.80639533333335	1240182	5.15
1241	4.86442033333333	1240182	5.25
305	4.89662733333334	1240182	5.44
255	4.92849333333333	1240182	5.2
279	4.93522633333333	1240182	5.1
1239	4.93885266666667	1240182	5.26
1375	4.96350733333332	1240182	4.49
94	4.96525800000001	1240182	5.15
1373	4.96715866666667	1240182	5.26
59	4.97382633333333	1240182	5.29
344	4.982158	1240182	4.84
258	4.982183	1240182	5.36
1259	4.98319800000001	1240182	5.26
1033	4.99550500000001	1240182	5.38
1030	5.00205366666667	1240182	5.38
1036	5.01739633333332	1240182	5.37
345	5.02446966666667	1240182	5.05
205	5.02548033333333	1240182	5.39
1039	5.02783633333335	1240182	5.38
147	5.05288199999999	1240182	5.24
294	5.07265133333333	1240182	5.74
332	5.07373666666667	1240182	5.4
287	5.075063	1240182	5.82
230	5.07917766666666	1240182	5.37
304	5.10391566666666	1240182	5.49
173	5.12102466666667	1240182	5.48
1025	5.12770566666667	1240182	5.38
290	5.136791	1240182	5.66
263	5.14254366666666	1240182	5.52
291	5.16061933333333	1240182	5.58
1043	5.16137900000001	1240182	5.38
309	5.26960766666665	1240182	5.74
17	5.32542833333333	1240182	5.53
269	5.38839633333333	1240182	6
176	5.42616500000001	1240182	5.46
238	5.45012266666668	1240182	5.96
341	5.72546700000001	1240182	6.07
266	5.802564	1240182	6.07
190	5.95052533333333	1240182	6.47
1114	6.950468	1240182	7.14
1001	8.52638333333336	1240182	8.51
