DRUG_ID	ic50_pred	COSMIC_ID	LN_IC50
104	-2.989591	688007	-3.29
1007	-2.75488366666667	688007	-2.7
197	-1.987987	688007	-1.8
3	-1.378656	688007	-1.5
201	-0.981464666666669	688007	-0.55
1016	-0.506853333333333	688007	-0.75
208	-0.437423333333333	688007	-0.42
194	0.0327726666666667	688007	0.54
312	0.0394043333333334	688007	-0.1
1031	0.0574849999999999	688007	0.34
1261	0.124658666666666	688007	0.41
1230	0.434005333333334	688007	0.62
1060	0.754954666666666	688007	0.46
135	1.14804266666667	688007	1.11
153	1.80119766666667	688007	2.36
155	1.82510566666667	688007	2.16
1010	1.907008	688007	2.34
1022	1.95903966666667	688007	1.96
1264	2.02369466666666	688007	2.18
163	2.06329533333333	688007	2.03
1032	2.1096	688007	2.34
254	2.20828566666667	688007	2.47
1529	2.24764066666667	688007	2.35
1218	2.44918699999999	688007	2.76
1262	2.46675733333333	688007	2.75
185	2.468972	688007	1.96
52	2.47799733333334	688007	2.13
9	2.48552166666667	688007	2.98
223	2.48669733333333	688007	2.41
1021	2.497128	688007	2.84
150	2.49746166666666	688007	2.33
1006	2.49806433333333	688007	2.18
1248	2.528981	688007	2.65
277	2.56667100000001	688007	2.69
1372	2.64212366666667	688007	2.92
202	2.643872	688007	2.76
1026	2.68328	688007	3
51	2.758844	688007	2.83
166	2.92077433333333	688007	3.06
310	2.92126766666667	688007	2.72
206	2.965637	688007	2.54
1046	3.008368	688007	3.46
225	3.02139533333333	688007	2.86
158	3.106328	688007	3.21
1038	3.12473933333334	688007	3.15
34	3.16536233333334	688007	3.39
6	3.212216	688007	3.35
119	3.22654666666667	688007	3.57
1	3.23372333333333	688007	3.51
1049	3.24589133333333	688007	3.51
1192	3.24915766666666	688007	3.61
282	3.25331766666667	688007	3.64
1023	3.283685	688007	3.7
1013	3.28613800000001	688007	3.73
37	3.29132533333333	688007	3.62
330	3.29142666666667	688007	3.29
175	3.29444266666666	688007	3.79
38	3.29477333333334	688007	3.67
171	3.311803	688007	3.5
29	3.322338	688007	3.23
1028	3.36423266666667	688007	3.65
54	3.390387	688007	3.05
1029	3.402442	688007	3.65
1019	3.409246	688007	3.73
203	3.41428866666667	688007	3.32
127	3.41566766666666	688007	3.85
55	3.47325433333333	688007	3.47
30	3.53990700000001	688007	3.7
329	3.55871566666666	688007	3.33
45	3.57440066666667	688007	3.98
91	3.57511666666666	688007	3.11
1005	3.62467133333333	688007	3.33
1133	3.62803599999999	688007	3.62
154	3.64606200000001	688007	3.92
1069	3.66577100000001	688007	3.63
281	3.75176466666667	688007	4.13
305	3.77127966666668	688007	3.63
64	3.80569633333334	688007	4.42
1527	3.80736333333333	688007	4.31
1091	3.81172066666666	688007	4.3
1050	3.81301566666667	688007	4.14
1129	3.818708	688007	3.67
1242	3.82495599999999	688007	3.86
1495	3.83160266666667	688007	3.65
1498	3.83792066666667	688007	4.1
1066	3.864842	688007	4.01
292	3.86767	688007	3.86
111	3.88708366666666	688007	3.6
199	3.89502533333333	688007	3.82
89	3.90611366666666	688007	4.12
260	3.92046233333333	688007	3.98
178	3.929971	688007	4.31
262	3.96179766666667	688007	4.2
1017	3.99395066666667	688007	4.14
156	4.00920366666667	688007	4.22
1268	4.01386166666667	688007	4.18
1062	4.05081233333333	688007	4.06
293	4.06198733333334	688007	4.41
110	4.08576899999999	688007	3.79
159	4.09202333333334	688007	4.64
294	4.10465066666666	688007	4.02
71	4.11080866666666	688007	4.1
249	4.12416900000001	688007	4.63
5	4.12947033333334	688007	4.21
1526	4.15089399999999	688007	4.37
1199	4.16426033333334	688007	4.42
56	4.20857833333332	688007	4.6
1175	4.21168433333333	688007	4.5
229	4.21201766666667	688007	4.19
275	4.22592966666668	688007	4.21
1054	4.23364333333334	688007	4.42
1014	4.28203033333333	688007	4.51
207	4.30861733333333	688007	4.61
59	4.31510133333333	688007	4.1
1052	4.32945466666667	688007	4.57
295	4.33290166666667	688007	4.59
271	4.34827066666667	688007	4.64
1015	4.35507266666667	688007	4.5
224	4.37752066666667	688007	4.22
1072	4.38046433333334	688007	4.65
1219	4.39421866666667	688007	5.15
1020	4.40678100000001	688007	4.65
1170	4.41423633333333	688007	4.66
238	4.41534266666666	688007	4.32
1061	4.418718	688007	4.62
1036	4.424065	688007	4.44
106	4.43466399999999	688007	5.06
1018	4.45206966666667	688007	4.64
151	4.47490833333332	688007	5.08
290	4.47698433333335	688007	4.38
1259	4.52298733333333	688007	4.61
167	4.54184933333334	688007	4.72
253	4.647926	688007	4.89
1239	4.67801033333333	688007	5.18
279	4.67939066666666	688007	4.7
1067	4.701533	688007	4.93
172	4.71067966666668	688007	4.69
1030	4.71284400000001	688007	4.69
1194	4.72258	688007	4.97
261	4.74501066666666	688007	5.36
288	4.74951599999999	688007	5.37
286	4.75595033333333	688007	5.36
1502	4.75900766666667	688007	4.96
258	4.76165766666667	688007	4.94
1377	4.76876666666668	688007	5.13
186	4.77373966666667	688007	5
298	4.77478433333331	688007	5.37
332	4.77555533333333	688007	4.86
204	4.777311	688007	4.97
1033	4.81263266666667	688007	4.94
333	4.84388766666667	688007	5.09
221	4.87514299999999	688007	5.85
1047	4.91698233333334	688007	5.11
1009	4.93438266666666	688007	5.32
255	4.93923166666666	688007	5.1
345	4.942993	688007	4.98
1043	4.95263766666668	688007	5.13
309	4.96125666666667	688007	5.28
1042	4.96403766666667	688007	5.32
1373	4.96534233333333	688007	5.23
1371	4.96970833333334	688007	5.18
1241	4.97290433333333	688007	5.23
1236	5.00728900000001	688007	5.51
205	5.01258933333333	688007	5.21
1039	5.02944633333334	688007	5.32
94	5.03354166666667	688007	5.32
1025	5.056738	688007	5.28
177	5.11015266666667	688007	5.47
230	5.26226133333333	688007	5.75
263	5.33594633333333	688007	6.04
147	5.33906533333332	688007	5.81
344	5.34839666666667	688007	5.71
192	5.43969233333334	688007	5.8
193	5.52931366666667	688007	5.96
1378	5.53120733333333	688007	5.59
17	5.54829800000001	688007	5.78
266	5.63787333333334	688007	5.92
341	5.680573	688007	5.89
1375	5.773377	688007	5.92
176	5.842504	688007	6.09
190	6.21456600000001	688007	6.38
1114	6.97180533333334	688007	7.11
