DRUG_ID	ic50_pred	COSMIC_ID	LN_IC50
1007	-3.14677533333334	687804	-3.38
197	-2.89781933333333	687804	-3.08
104	-2.799252	687804	-2.74
1494	-2.29710166666666	687804	-2.4
1004	-1.99908433333333	687804	-2.3
1003	-1.29654266666667	687804	-1.1
283	-1.200514	687804	-0.94
208	-1.074574	687804	-1.84
1031	-0.944086666666666	687804	-1.13
87	-0.630013333333334	687804	-1.12
1261	-0.624576999999999	687804	-0.98
1230	-0.326133666666666	687804	-0.39
3	-0.291410666666667	687804	0.02
1016	-0.285995333333333	687804	-0.17
11	-0.281072	687804	0.05
312	0.157367666666667	687804	0.22
60	0.287993	687804	0.54
155	0.409138	687804	-0.13
1008	0.475327666666666	687804	0.66
1060	0.963503000000001	687804	0.86
1010	1.396122	687804	1.46
252	1.45385066666667	687804	1.44
1264	1.57129466666667	687804	1.58
158	1.59064633333334	687804	1.19
1059	1.59985466666667	687804	1.37
1032	1.71855333333333	687804	1.64
1372	1.78069233333333	687804	1.6
32	1.78646233333333	687804	1.59
1058	1.84273733333333	687804	1.5
6	1.93090666666666	687804	0.78
1529	2.01020466666666	687804	2.28
1262	2.042745	687804	2.07
1050	2.071291	687804	1.85
254	2.07735066666667	687804	2.36
34	2.08087666666667	687804	0.98
35	2.088861	687804	2.35
9	2.106751	687804	2.3
1021	2.136419	687804	2.51
1218	2.14207866666666	687804	2.28
166	2.1427	687804	1.98
41	2.201161	687804	2.08
51	2.205269	687804	2.08
1037	2.21575633333333	687804	1.87
86	2.21679566666667	687804	2.36
1192	2.245883	687804	1.99
175	2.269593	687804	2.23
277	2.274448	687804	2.36
202	2.27722766666667	687804	2.35
150	2.32632633333333	687804	2.31
64	2.38396433333334	687804	1.96
171	2.39774733333333	687804	2.06
54	2.438588	687804	1.76
88	2.45393633333333	687804	2.27
223	2.48820366666667	687804	2.22
154	2.517051	687804	2.2
1022	2.54225933333333	687804	2.87
52	2.615955	687804	2.58
127	2.61759166666666	687804	2.75
1028	2.61857633333333	687804	2.78
30	2.66155966666666	687804	2.67
1013	2.6796	687804	2.62
1046	2.69935333333334	687804	2.97
1091	2.70625666666667	687804	2.51
310	2.765189	687804	2.84
306	2.77566233333333	687804	2.53
256	2.77644333333333	687804	2.68
5	2.78763500000001	687804	2.2
1049	2.80179633333333	687804	2.91
1023	2.82028233333333	687804	3.01
222	2.83229	687804	2.37
37	2.847217	687804	3.03
1038	2.84754066666666	687804	3.02
249	2.851407	687804	2.71
228	2.86472966666667	687804	2.48
282	2.88535166666667	687804	3.25
1029	2.888095	687804	2.99
119	2.88964000000001	687804	2.63
55	2.89275966666667	687804	2.66
1006	2.91501166666666	687804	3.01
38	2.916551	687804	3.03
1019	2.954183	687804	3.01
156	3.013125	687804	2.65
1	3.01446566666667	687804	3.02
89	3.01807	687804	2.78
152	3.11754666666666	687804	2.87
29	3.12802833333334	687804	2.94
1066	3.14330933333333	687804	3.09
219	3.144121	687804	2.98
235	3.20501233333333	687804	2.84
63	3.21062633333333	687804	3.11
203	3.34104666666667	687804	3.33
303	3.36087266666666	687804	3.11
229	3.36616566666667	687804	3.03
260	3.366539	687804	3.17
331	3.397553	687804	3.21
261	3.447396	687804	3.46
330	3.46203	687804	3.78
1498	3.46660300000001	687804	3.47
199	3.50836466666667	687804	3.39
286	3.52919366666667	687804	3.17
281	3.551105	687804	3.97
1219	3.5702	687804	3.68
287	3.582191	687804	3.48
1377	3.59531033333334	687804	3.17
271	3.61036033333333	687804	3.55
1199	3.613287	687804	3.63
1054	3.64050566666667	687804	3.72
293	3.64625633333334	687804	3.42
1062	3.696263	687804	3.65
111	3.70192166666667	687804	3.26
275	3.70835900000001	687804	3.42
1170	3.71410499999999	687804	3.59
1017	3.72903033333334	687804	3.89
1129	3.73291866666667	687804	3.72
1268	3.74160833333334	687804	3.66
91	3.77806133333334	687804	3.95
1014	3.79634399999999	687804	3.6
206	3.80058966666667	687804	3.97
56	3.805216	687804	3.85
1052	3.80731200000001	687804	3.95
1020	3.81378166666666	687804	3.84
1175	3.84987266666667	687804	3.94
1526	3.85031666666667	687804	3.89
1018	3.85227033333334	687804	3.89
1072	3.86168033333333	687804	3.87
71	3.86354133333333	687804	3.51
1164	3.87662066666666	687804	4.12
301	3.90162366666666	687804	4.05
1371	3.92106866666667	687804	3.73
298	3.94970899999999	687804	3.86
221	3.952594	687804	3.79
1061	3.96709000000001	687804	3.94
1495	3.97853866666666	687804	4.07
1067	3.992664	687804	3.9
292	4.00413	687804	4.34
225	4.03073800000001	687804	4.66
1005	4.05160133333334	687804	4.44
211	4.08628466666668	687804	4.39
326	4.10920333333334	687804	4.66
1259	4.11247133333333	687804	4.33
1069	4.11830633333334	687804	4.39
300	4.13949866666667	687804	4.65
1015	4.16428833333334	687804	4.41
1133	4.16912700000001	687804	4.64
1158	4.184911	687804	4.41
265	4.21213766666666	687804	4.08
110	4.22940533333334	687804	4.19
302	4.23645733333334	687804	4.66
186	4.24769	687804	4.42
329	4.25000500000001	687804	4.66
1009	4.25425133333333	687804	4.28
255	4.259831	687804	4.23
304	4.27472233333333	687804	4.56
1194	4.30739233333333	687804	4.51
1047	4.31147766666666	687804	4.26
263	4.31281500000001	687804	3.65
1042	4.31918833333332	687804	4.37
288	4.33277233333334	687804	4.66
333	4.35418499999999	687804	4.59
1030	4.36441800000001	687804	4.64
1036	4.37965466666667	687804	4.45
1241	4.39164466666666	687804	4.31
299	4.437664	687804	4.3
253	4.44076033333334	687804	4.66
309	4.44519600000001	687804	4.65
291	4.45136599999999	687804	4.85
1502	4.46292233333333	687804	4.47
1373	4.46417866666666	687804	4.51
1033	4.47621166666667	687804	4.64
1025	4.48803	687804	4.64
332	4.49318033333333	687804	4.63
205	4.525874	687804	4.66
258	4.52676233333333	687804	4.6
59	4.552642	687804	4.66
1043	4.57750566666667	687804	4.53
1039	4.57808166666667	687804	4.64
279	4.60042933333333	687804	5
94	4.60483400000001	687804	4.64
17	4.67763433333333	687804	4.36
345	4.69151333333334	687804	4.9
192	4.69859233333334	687804	4.73
269	4.78543899999999	687804	5.22
290	4.82267133333333	687804	5.12
1236	4.83510633333335	687804	5.15
230	4.85542733333334	687804	5.25
193	4.90289966666667	687804	5.11
147	4.90726833333334	687804	4.89
238	4.91591366666667	687804	5.28
1378	5.05629033333333	687804	5.08
341	5.16816433333333	687804	5.16
231	5.19261633333332	687804	5.33
1375	5.19538333333333	687804	5.2
266	5.20273	687804	5.07
1114	6.36754799999999	687804	6.2
