DRUG_ID	ic50_pred	COSMIC_ID	LN_IC50
1007	-2.96834166666667	910689	-3.3
197	-2.04685	910689	-1.64
140	-1.50319566666667	910689	-1.7
1003	-1.162882	910689	-1.49
1004	-0.995870000000001	910689	-1.3
201	-0.832375666666668	910689	-0.5
1261	-0.510560666666667	910689	-1.46
283	-0.501378333333332	910689	-0.23
1016	0.458412333333334	910689	0.84
1057	0.538872333333334	910689	0.65
208	0.629998666666668	910689	1.29
1230	0.777742333333335	910689	1.06
312	0.912606333333333	910689	1.06
1010	1.001077	910689	0.33
1008	1.112643	910689	1.42
153	1.14282533333333	910689	1.09
155	1.213691	910689	0.89
1248	1.41987066666667	910689	1.48
252	1.85012666666667	910689	1.99
1059	1.86947866666667	910689	1.89
1529	1.970088	910689	1.68
135	2.04362733333333	910689	2.06
346	2.08020133333333	910689	1.77
1006	2.17280166666666	910689	2.06
1019	2.196729	910689	1.97
1022	2.24479399999999	910689	2.06
166	2.390825	910689	2.31
202	2.43147733333333	910689	2.39
1264	2.49286200000001	910689	2.69
1023	2.66348833333333	910689	2.29
1091	2.69522966666666	910689	2.55
158	2.82015433333333	910689	3.04
1218	2.84692233333333	910689	3.33
1046	2.91905133333334	910689	2.97
277	2.98252466666667	910689	3.2
282	2.98329933333333	910689	3.03
1262	3.11555733333334	910689	3.38
171	3.128564	910689	3.37
1011	3.13595233333333	910689	3.3
226	3.20393833333334	910689	3.73
1527	3.23239833333334	910689	3.69
150	3.26558133333334	910689	3.46
254	3.26933600000001	910689	3.39
1012	3.27698366666667	910689	3.18
1021	3.31072966666666	910689	3.83
185	3.36829166666667	910689	3.76
164	3.41241366666667	910689	3.45
1058	3.42140333333334	910689	3.39
256	3.450232	910689	3.21
1038	3.47134466666667	910689	3.89
1243	3.47251766666667	910689	3.08
207	3.479172	910689	2.93
175	3.50438166666667	910689	3.96
219	3.55041333333333	910689	3.32
1170	3.63045466666667	910689	3.27
1013	3.63987433333334	910689	3.9
223	3.65632766666666	910689	3.85
1049	3.66673266666666	910689	3.81
156	3.67138533333333	910689	3.77
1037	3.704782	910689	3.49
1219	3.71060433333334	910689	3.74
1028	3.75822766666667	910689	4
1133	3.781567	910689	3.76
1029	3.80789766666667	910689	4.23
178	3.85414533333334	910689	3.67
1053	3.85976333333333	910689	4.57
310	3.89642766666666	910689	4.08
167	3.935185	910689	3.51
262	4.02928666666667	910689	4.18
1050	4.08423233333333	910689	4.52
154	4.08881200000001	910689	4.46
291	4.12946899999999	910689	3.85
1066	4.15549766666666	910689	4.78
301	4.178382	910689	4.05
306	4.18473866666666	910689	4.12
260	4.22289033333334	910689	4.41
1373	4.24639566666666	910689	4.32
228	4.30545533333334	910689	4.44
249	4.33440433333332	910689	5.06
302	4.365824	910689	4.46
1241	4.37755433333333	910689	4.61
281	4.38193666666667	910689	4.67
1192	4.40803866666667	910689	4.99
1236	4.413175	910689	3.92
1017	4.424831	910689	4.59
1069	4.44280533333333	910689	4.56
1268	4.44757733333333	910689	4.99
299	4.47819566666666	910689	4.6
1072	4.488482	910689	4.97
1175	4.50882233333333	910689	4.85
1067	4.51613833333334	910689	4.67
203	4.51719933333334	910689	4.69
1259	4.54387633333334	910689	4.9
1199	4.54630933333334	910689	4.94
1495	4.56619200000001	910689	4.71
1052	4.63623666666666	910689	5.04
261	4.656319	910689	5.04
1018	4.68087899999999	910689	4.77
1239	4.70478466666667	910689	4.89
271	4.74006333333334	910689	5.16
1005	4.79337966666667	910689	5.15
186	4.80210833333334	910689	5.21
1061	4.80533666666668	910689	5.15
1129	4.81359666666668	910689	5.13
147	4.84270366666667	910689	4.23
1020	4.84309466666666	910689	4.97
303	4.89364533333333	910689	4.93
295	4.89593433333333	910689	5.31
206	4.92086100000001	910689	5.19
275	4.97252766666666	910689	5.12
134	4.981525	910689	5.46
257	4.99546499999999	910689	5.37
1502	5.01245366666666	910689	5.47
330	5.04606166666667	910689	5.82
288	5.06139	910689	5.86
225	5.08510500000001	910689	5.69
287	5.098987	910689	5.43
222	5.09962633333333	910689	5.57
151	5.11646099999999	910689	5.51
1033	5.12029433333334	910689	5.07
1009	5.12142566666666	910689	5.83
199	5.14586299999999	910689	5.62
192	5.17208699999999	910689	5.31
1039	5.209507	910689	5.41
329	5.21237000000001	910689	5.65
1025	5.23231466666665	910689	5.31
326	5.27445233333333	910689	5.59
205	5.28121300000001	910689	5.5
255	5.29491033333334	910689	5.78
1194	5.29722433333333	910689	5.59
253	5.32179233333334	910689	5.64
211	5.34067533333333	910689	5.83
279	5.344819	910689	5.6
1030	5.34628633333334	910689	5.73
298	5.35319633333333	910689	5.86
300	5.36203166666666	910689	5.83
1042	5.364761	910689	5.79
286	5.37376366666665	910689	5.74
179	5.38367999999999	910689	5.81
258	5.40061933333333	910689	5.71
1371	5.41388433333335	910689	5.69
1036	5.418486	910689	5.84
231	5.43120033333334	910689	5.3
305	5.43374400000001	910689	5.84
293	5.441674	910689	6.53
1043	5.44400133333333	910689	5.76
333	5.45967900000001	910689	5.63
332	5.49029233333334	910689	5.67
152	5.51938133333333	910689	6.02
304	5.57936866666666	910689	6.08
172	5.58400599999999	910689	6.18
292	5.58926766666665	910689	6.49
263	5.61481966666667	910689	6.23
221	5.619823	910689	6.5
265	5.68279833333333	910689	6.34
294	5.71104066666668	910689	6.15
309	5.76469666666666	910689	6.1
177	5.77559466666666	910689	6.31
238	5.77741933333335	910689	6.28
224	5.78104900000001	910689	6.51
269	5.79301133333334	910689	6.48
290	5.90922066666666	910689	6.14
344	5.95030933333332	910689	6.35
230	6.00227	910689	6.27
345	6.15765700000001	910689	6.53
193	6.16299000000001	910689	6.48
266	6.18285533333334	910689	6.3
341	6.30543266666667	910689	6.54
1375	6.45489800000001	910689	6.65
176	6.47523566666667	910689	7
196	10.6373493333333	910689	10.73
