DRUG_ID	ic50_pred	COSMIC_ID	LN_IC50
197	-3.14409666666666	905948	-3.56
11	-0.231337333333333	905948	-0.52
283	-0.215040666666666	905948	-0.41
87	0.0716673333333332	905948	-0.2
208	0.604978999999999	905948	0.69
3	0.687191333333332	905948	1.39
1230	0.707733000000001	905948	1.18
180	0.766398999999999	905948	0.63
60	1.039831	905948	1.19
155	1.09359	905948	0.85
1008	1.135048	905948	1.09
1010	1.31732733333333	905948	0.76
312	1.32634233333333	905948	1.64
194	1.48226466666666	905948	2.03
9	1.86896833333333	905948	1.93
1059	1.90837533333334	905948	1.94
1264	2.08450066666667	905948	2.11
133	2.08693466666666	905948	1.81
1023	2.40228766666666	905948	1.78
37	2.46727266666666	905948	1.8
45	2.50055933333334	905948	2.14
158	2.54505066666667	905948	2.4
35	2.598916	905948	2.56
202	2.62210966666667	905948	2.88
1021	2.697024	905948	3
1218	2.766584	905948	3.1
252	2.76772266666667	905948	2.96
150	2.786995	905948	2.67
185	2.87468999999999	905948	2.56
277	2.93349066666667	905948	3.16
54	3.014242	905948	2.73
135	3.14641733333333	905948	3.25
1262	3.14719100000001	905948	3.48
86	3.22543300000001	905948	3.7
1046	3.24784633333334	905948	3.48
127	3.29816733333333	905948	3.36
328	3.30874	905948	3.72
254	3.31146100000001	905948	3.65
83	3.32850700000001	905948	3.88
1038	3.35800566666667	905948	4.18
1268	3.37536533333333	905948	3.31
1054	3.38886	905948	3.62
1011	3.42118533333334	905948	3.91
175	3.43085833333333	905948	3.54
226	3.54244333333333	905948	4.29
282	3.56859566666667	905948	3.89
1029	3.57786299999999	905948	4.28
1052	3.60080866666666	905948	3.58
1259	3.620548	905948	3.71
38	3.62107533333332	905948	4.35
41	3.691592	905948	3.81
1049	3.70778733333333	905948	4.24
32	3.71937333333334	905948	4.39
1241	3.75001966666667	905948	3.65
273	3.75767166666666	905948	4.07
1495	3.82851966666666	905948	3.85
1013	3.87865766666667	905948	4.2
1020	3.88053966666668	905948	3.45
346	3.96886766666666	905948	4.51
1028	3.99835066666668	905948	4.38
219	4.02011533333334	905948	3.77
281	4.07820366666667	905948	3.79
64	4.09057933333334	905948	4.73
1047	4.09174866666666	905948	3.85
186	4.17660066666667	905948	4.23
1175	4.20944433333333	905948	4.81
30	4.23406833333334	905948	4.65
1158	4.289234	905948	4.16
249	4.33359966666667	905948	4.97
1018	4.35032233333334	905948	4.42
1170	4.36632966666666	905948	4.6
1069	4.37113766666666	905948	4.31
55	4.37576633333333	905948	4.77
1017	4.43729466666666	905948	4.53
1219	4.47485333333334	905948	5.78
1194	4.47779666666666	905948	4.49
310	4.49081166666667	905948	4.97
1129	4.496259	905948	4.53
1199	4.50132633333333	905948	5.07
1036	4.527503	905948	4.34
203	4.54559666666667	905948	4.49
207	4.56201666666667	905948	5.18
262	4.60172866666666	905948	5.07
89	4.63218866666667	905948	5.03
1373	4.64168300000001	905948	4.92
1143	4.66612999999999	905948	4.86
192	4.68148866666666	905948	4.53
222	4.68182666666667	905948	5.01
228	4.71323833333333	905948	4.96
1072	4.72251399999999	905948	5.31
206	4.72804766666666	905948	4.87
91	4.74453966666666	905948	5.29
308	4.74560066666667	905948	4.89
199	4.77974533333333	905948	5.29
224	4.79741066666667	905948	4.92
301	4.828287	905948	4.75
271	4.829784	905948	5.23
329	4.84797366666667	905948	5.23
1030	4.869979	905948	5.11
1164	4.91003200000001	905948	5.78
1061	4.91383899999999	905948	5.22
1377	4.928552	905948	5.23
330	4.929982	905948	5.43
63	4.93727566666667	905948	5.8
136	4.99040433333334	905948	5.17
326	4.99452633333332	905948	5.1
288	4.99545700000001	905948	5.57
1236	5.01050933333334	905948	4.88
1502	5.05174599999999	905948	5.58
261	5.05202266666668	905948	5.63
178	5.05463133333333	905948	5.64
1203	5.08016733333333	905948	5.36
59	5.09708866666668	905948	5.88
260	5.10322533333334	905948	5.57
1009	5.114717	905948	5.26
5	5.14665433333334	905948	5.78
1371	5.14703799999999	905948	5.72
253	5.16049633333334	905948	5.3
298	5.16859066666666	905948	5.47
286	5.19623266666667	905948	5.4
295	5.215264	905948	5.97
293	5.22936233333333	905948	5.48
211	5.23613400000001	905948	5.63
274	5.24210133333334	905948	5.4
258	5.31636066666667	905948	5.59
1039	5.323536	905948	5.66
167	5.35428266666666	905948	5.5
1043	5.36265099999999	905948	5.93
255	5.36368566666668	905948	5.69
1042	5.39876666666667	905948	5.98
302	5.40647233333335	905948	5.88
257	5.41733733333334	905948	5.98
300	5.42564633333333	905948	5.93
151	5.45622033333332	905948	5.87
1033	5.49756	905948	5.89
305	5.51328200000001	905948	5.9
303	5.52503066666667	905948	5.9
238	5.54033166666667	905948	5.78
205	5.56490633333333	905948	5.95
332	5.56892800000002	905948	6.03
333	5.58273000000001	905948	6.01
287	5.58862333333333	905948	6.23
221	5.61093133333334	905948	5.94
204	5.61209433333334	905948	6.36
17	5.64124433333334	905948	6.11
190	5.72407666666667	905948	5.46
291	5.74405433333333	905948	5.89
279	5.76165500000001	905948	6.23
147	5.81406033333332	905948	6.31
177	5.84033033333333	905948	6.18
71	5.85251599999999	905948	6.11
265	5.85969333333332	905948	6.49
263	5.86533033333334	905948	6.28
182	5.894297	905948	6.47
179	5.91426733333333	905948	6.18
345	5.92117199999999	905948	6.45
309	5.94309866666668	905948	6.46
193	5.94570433333333	905948	6.06
294	5.94849466666667	905948	6.51
275	5.95328333333333	905948	6.5
230	5.97701500000001	905948	6.44
344	6.04313766666667	905948	6.48
269	6.04404666666666	905948	6.47
290	6.09082799999999	905948	6.54
304	6.106036	905948	6.64
266	6.24372033333335	905948	6.55
341	6.30523633333334	905948	6.52
173	6.37248899999999	905948	7.14
1375	6.46616666666665	905948	6.85
1114	6.491992	905948	6.77
245	6.57018966666667	905948	6.96
176	6.59500066666667	905948	6.8
1001	9.43069333333333	905948	9.27
196	10.3110846666667	905948	10.21
