Cell_line	rho	pval	num__of_drugs
1240121	0.979998356397033	7.83727251817899e-96	136
1240122	0.980054198044119	3.55811244107304e-88	125
1240123	0.970248466565686	1.90857605844694e-92	149
1240124	0.967289846235867	7.60118954763402e-37	61
1240125	0.983050884573448	7.14854551259013e-131	177
1240127	0.964940310504539	1.82742583081697e-81	139
1240128	0.95446564467774	4.59149070290712e-88	166
1240129	0.972054822742827	6.64454040690668e-80	126
1240130	0.980233481073382	1.35487985671982e-61	87
1240131	0.974519567917151	4.68442555108658e-81	124
1240132	0.980614425987904	1.54557413576462e-104	147
1240134	0.960231681010356	6.87011219124181e-64	114
1240135	0.973122358018643	3.80480419071469e-68	106
1240136	0.962368057651798	1.15409452818152e-60	106
1240137	0.978233024878732	3.28855253295331e-17	25
1240138	0.970750965105603	2.7626266773798e-84	135
1240139	0.981143744062805	1.75191603408759e-72	101
1240140	0.975765095839743	6.93977548827954e-56	84
1240141	0.972610667302763	6.32450301008359e-111	174
1240142	0.977604483772746	6.77231867023936e-73	107
1240143	0.977294289292222	1.66244724272953e-91	135
1240144	0.987140043174308	2.76962213621523e-54	68
1240145	0.966726611011169	4.77273980428419e-58	97
1240146	0.984574987266714	7.0350683318898e-108	142
1240147	0.977073286356312	3.98556643906937e-81	120
1240149	0.981106276109323	7.15655676406476e-74	103
1240150	0.976721329202077	1.74355779608663e-95	142
1240151	0.948487595978799	3.14285896495736e-54	107
1240153	0.971867448748853	2.7997986381545e-70	111
1240154	0.977900336046311	5.17740568201875e-80	117
1240155	0.970133234380841	4.93383720382148e-46	74
1240156	0.973465735840808	1.45108678943533e-82	128
1240157	0.97802000537824	6.81211935048418e-98	143
1240158	0.972095149799383	2.93533099934225e-74	117
1240159	0.983286899422999	2.25748223677829e-91	123
1240160	0.986302680203914	4.70943492407915e-102	130
1240161	0.974345858902897	1.39082072166354e-53	82
1240162	0.976340311283427	5.36747319695411e-85	127
1240166	0.979852515957731	3.86309881928109e-106	151
1240167	0.97090267748228	7.85411664851937e-79	126
1240168	0.978510569723548	6.94912064373331e-109	158
1240169	0.978079416539181	4.50381377189335e-102	149
1240170	0.976887531673219	9.91974024794762e-100	148
1240172	0.973786589687979	1.24858327481876e-90	140
1240173	0.98310273234835	6.5985025348233e-120	162
1240174	0.980360614318313	4.05308204160072e-92	130
1240178	0.971757991769768	3.12240850312763e-58	92
1240179	0.981386051010893	2.14680666506269e-109	152
1240181	0.963127037135411	2.00855694541018e-111	194
1240182	0.976288812144961	6.99121595849909e-137	205
1240183	0.981788761274347	6.10470540463779e-121	167
1240184	0.962473718423824	6.96137673394679e-58	101
1240185	0.975784634523878	1.79478599453384e-70	106
1240186	0.968821817296701	2.16347778797379e-76	125
1240187	0.980691080102966	2.12295330551497e-100	141
1240189	0.978430286233175	1.0196001242456e-95	139
1240190	0.971357778063116	4.1986242128147e-66	105
1240191	0.972410604368513	2.56599740649622e-59	93
1240192	0.981942407207487	1.40976354200358e-104	144
1240193	0.981664848419726	5.36932927425537e-107	148
1240196	0.979167056647314	1.07823846470769e-78	113
1240197	0.985081148968573	8.40880852373587e-93	121
1240198	0.964649925857096	2.23890803772117e-64	110
1240199	0.972115079702577	4.58481003950809e-90	142
1240200	0.97773864097287	4.19723447105054e-60	88
1240201	0.980491353120065	5.71176620323239e-81	114
1240202	0.967683159382701	1.19716894386974e-76	127
1240204	0.976136809426116	4.48127944796021e-94	141
1240205	0.975021828127613	7.57660512273387e-66	100
1240206	0.967606863484326	3.42792325445756e-65	108
1240207	0.977913869721738	1.79382354420005e-100	147
1240208	0.97351714487371	1.78035663830214e-68	106
1240209	0.978992199987942	5.02227377789284e-66	95
1240210	0.974700388525474	2.47950795908258e-92	141
1240212	0.979010947638251	3.94738783089484e-77	111
1240215	0.973403594406163	3.0408905617834e-63	98
1240216	0.97390602436402	2.88548251133814e-75	116
1240217	0.978638139610065	3.86579064615239e-49	71
1240218	0.973313363231268	8.07714951724222e-89	138
1240219	0.961820372703366	3.61889468250209e-63	111
1240220	0.974819670555015	7.19771093482344e-73	111
1240221	0.969517500540301	2.13835138215481e-87	142
1240222	0.975204221859937	2.45975333340486e-88	134
1240223	0.975126475888176	3.99676917005856e-75	114
1240226	0.979475374318623	7.28579517644524e-75	107
1247871	0.975356181170619	5.33366911241343e-49	74
1247873	0.982254073791008	1.81602547521172e-101	139
1287381	0.973243519525676	4.04082011681957e-63	98
1287706	0.979492313705236	5.08338852187184e-93	133
1290455	0.977576362084108	3.21607628549952e-93	137
1290722	0.979465843188591	1.18763022488846e-100	144
1290724	0.980421775465567	2.12060834511704e-101	143
1290725	0.97972829804714	1.58685742659982e-55	79
1290730	0.980433691100208	1.46566847905032e-86	122
1290765	0.981549335634606	4.88703471345088e-119	165
1290767	0.973270743598996	1.07723028738257e-90	141
1290768	0.983846581282358	5.06629426110975e-84	112
1290769	0.97940456337871	4.53070101644517e-152	218
1290771	0.9804717648971	9.22742976504295e-50	70
1290795	0.963079336170093	6.0696373964463e-60	104
1290797	0.984841651965365	1.49127697214888e-117	154
1290798	0.974225623644784	1.0086527078206e-93	144
1290806	0.983283155308502	3.83777193323187e-89	120
1290807	0.953201838039274	1.4034758513696e-61	117
1290808	0.97674451214978	3.65733791484039e-92	137
1290809	0.968562072088828	8.27661805400807e-80	131
1290810	0.980680466755951	1.29510204365808e-109	154
1290812	0.980341161975747	2.89270492676055e-89	126
1290813	0.970415876053035	9.03247387568712e-65	104
1290814	0.977191120268481	9.49768405309438e-95	140
1290905	0.982132365475353	5.61203590704844e-126	173
1290906	0.965640426763989	8.57697213730889e-67	113
1290907	0.976533625777739	7.02726021025051e-84	125
1290908	0.979434689832285	4.29495059525916e-81	116
1290922	0.975497305728336	6.04002615105012e-94	142
1295740	0.969085319915356	2.86206513081453e-55	90
1295741	0.97187831814772	6.36221303884413e-88	139
1297438	0.973449566105494	1.20001813278079e-24	38
1297439	0.977213592818216	2.88084791989504e-137	203
1297446	0.975135302108386	4.20961955113847e-77	117
1297447	0.976494525577698	1.46057083019988e-114	171
1297449	0.970161391264595	4.90559718075551e-88	142
1298134	0.980339410436657	1.90244359142044e-98	139
1298136	0.965877788933546	5.54364265365028e-44	74
1298141	0.975807493487758	1.40831198739217e-105	159
1298145	0.976581104986295	1.62434721064306e-62	93
1298146	0.974172632444393	3.32716766197857e-109	168
1298151	0.968357580048168	4.06092556331954e-65	107
1298154	0.964377159506963	4.05020580467067e-31	53
1298156	0.974457283716734	5.69666931180757e-40	61
1298157	0.981843673857859	7.81373211970129e-93	128
1298160	0.977591409985152	6.44976286733158e-94	138
1298168	0.97924009524931	1.26786133296438e-99	143
1298169	0.979883843641236	2.07250985021517e-117	167
1298215	0.981670848663758	8.59234160934558e-100	138
1298216	0.965331849563867	1.33870347238472e-49	84
1298218	0.964499304646909	3.85571345989134e-74	127
1298219	0.974228675131223	2.08502477942633e-81	125
1298222	0.972251615460364	5.45646664886175e-82	129
1298223	0.98025830592059	1.12542672285087e-104	148
1298226	0.981364984747511	3.32450460228391e-107	149
1298347	0.975491583930183	1.30645140426626e-121	184
1298348	0.978379756551938	9.15258389159579e-100	145
1298349	0.979467122934811	9.58858634901372e-103	147
1298350	0.965398915594737	4.59542736011748e-97	165
1298351	0.982719245856502	1.09034985099731e-81	111
1298352	0.944736639147552	1.64521631414549e-92	189
1298353	0.968942453499792	7.24084051865145e-104	170
1298355	0.982874713590801	3.64732468495275e-81	110
1298356	0.977874002662078	5.22442907668909e-129	189
1298357	0.976864894052069	2.86121498446262e-86	128
1298358	0.979491657598314	2.18277134455028e-101	145
1298359	0.978890976067259	5.36824248362093e-77	111
1298362	0.974737775934981	4.23796652077599e-74	113
1298365	0.981191584843335	5.92093366086093e-69	96
1298475	0.980899545069669	4.81572633243274e-85	119
1298476	0.975752295061469	1.20456967208551e-87	132
1298526	0.969554671941585	3.04698263054573e-78	127
1298529	0.980624408017797	1.88958333916175e-119	168
1298531	0.968091767443463	2.60167003768142e-61	101
1298533	0.98181721961155	3.76118803522231e-110	152
1298534	0.962549333255349	2.02175242268331e-74	130
1298537	0.985948252559739	5.07475778458614e-106	136
1298538	0.970724164992114	2.93353753985895e-84	135
1298539	0.978440325881162	9.59069305724142e-85	123
1299050	0.975319078179996	2.17289423064236e-69	105
1299051	0.977932210788737	1.85860626313995e-83	122
1299052	0.973258100128852	7.17069827267349e-53	82
1299059	0.982021592644057	1.86776971795423e-97	134
1299061	0.964093150949141	1.27720424216554e-42	73
1299062	0.976475870652472	8.59494562513266e-74	110
1299064	0.972716816798102	6.63600662698794e-73	114
1299067	0.983683245433837	7.328775270542e-63	84
1299070	0.97905886548998	1.77922903788047e-67	97
1299075	0.969897182387692	7.69189785957048e-99	160
1299078	0.972421893504526	2.00287119773482e-83	131
1299080	0.973832953678343	9.13091805559793e-58	89
1299081	0.973286333716429	1.45127523791205e-69	108
1303896	0.980359054848428	4.29469516425587e-51	72
1303897	0.974561465329269	8.60390953982482e-108	165
1303900	0.980183427220735	7.13274364183308e-123	174
1303912	0.978084486093999	1.15151491895032e-98	144
1322212	0.975438596491228	8.08462348806336e-06	19
1322213	0.976118544102335	4.30478141952664e-80	120
1322218	0.979594042128091	4.21030391669837e-70	100
1322224	0.975411413998794	5.92072217338219e-111	168
1323913	0.964446273972211	3.48687855897512e-60	103
1327765	0.965146602560985	2.00755097206426e-28	48
1327766	0.974835353424128	4.18242951797746e-95	145
1327768	0.979483342691048	1.60411412772036e-89	128
1327769	0.95720720252647	1.17444912738195e-55	102
1327771	0.97692744839487	6.49214345950414e-75	111
1327773	0.982130960740436	8.98860512106385e-44	60
1327774	0.97426050475655	1.78373683176262e-55	85
1327775	0.983505056380265	8.38620262314097e-80	107
1330931	0.971848246773431	8.06807542889301e-78	123
1330933	0.985846208236725	1.03439629070218e-81	105
1330935	0.974973335903387	6.0800914110025e-113	172
1330941	0.982113854777304	3.83958470243246e-104	143
1330942	0.973383238896841	2.58981751953335e-120	187
1330943	0.972184331416698	6.35023001630207e-82	129
1330947	0.982065636029737	6.43211410350249e-54	74
1330948	0.992260426064625	4.84837178566288e-36	40
1330950	0.981496833539134	1.00255714196483e-70	98
1330964	0.984721994420729	1.52287431396535e-49	65
1330972	0.980041226515412	3.56856392165021e-114	162
1330973	0.964151594993551	1.56774254549897e-34	59
1330982	0.980976630729882	5.24013190063652e-78	109
1330983	0.975264775789436	2.58711681430486e-71	108
1330984	0.973578035972494	5.93225282683605e-66	102
1330985	0.975600539991717	1.03346451004858e-96	146
1330987	0.983111523070066	4.2232930760926e-91	123
1330991	0.977765294020962	8.31650584617674e-61	89
1330993	0.980894587253498	1.18657928155312e-43	61
1330994	0.981195637316786	3.12143189080621e-35	49
1330995	0.962116321189192	1.89772439069909e-111	196
1331025	0.967856437520904	1.22159362456327e-108	180
1331031	0.979371337159784	1.37300933043666e-86	124
1331032	0.974878879367318	2.83325061874715e-89	136
1331033	0.981550527644005	3.50865513113951e-67	93
1331034	0.980432332194015	2.17440181036004e-89	126
1331035	0.979782346560408	3.12628236853324e-117	167
1331036	0.982680672892498	2.12460626033214e-57	78
1331037	0.972964563280695	3.29825539443671e-71	111
1331038	0.973735132968379	1.67828781336074e-63	98
1331039	0.98413574979777	1.70277265675173e-96	128
1331040	0.959427069269479	1.09670346928371e-71	129
1331045	0.983414046833422	3.32648395044653e-104	140
1331048	0.976102776230779	4.30622591879195e-74	111
1331049	0.972500481376598	3.10335099438216e-82	129
1331050	0.957760092290146	4.50221702253893e-102	187
1479987	0.971090888148607	2.87435104088472e-70	112
1479988	0.978897848474347	1.78042031015194e-62	90
1479991	0.963052224374192	1.26832861485825e-45	79
1479992	0.968718617324731	4.77104081640795e-55	90
1479993	0.968600965020682	8.82624162484373e-74	121
1479994	0.975398940303189	1.41194024161071e-59	90
1479995	0.974757556612937	6.22290829663219e-67	102
1480358	0.976448638913542	4.04246978995447e-85	127
1480359	0.968880897745395	2.26642449264405e-31	51
1480360	0.953144897318733	2.68535290938798e-43	82
1480361	0.977899303173181	7.08145925924759e-74	108
1480362	0.978049595931159	3.9435830667858e-78	114
1480364	0.961586171241959	1.78227284113161e-71	126
1480371	0.981008521542418	1.78968028080636e-84	118
1480372	0.9694961274659	1.87165753292707e-71	116
1480374	0.970971762891697	1.5606431860999e-74	119
1503361	0.959978668320431	5.59811578382678e-46	82
1503362	0.979994638893966	4.11079228797564e-50	71
1503363	0.952479263500636	2.1474873702356e-52	100
1503364	0.965163937944336	8.92826288120323e-31	52
1503365	0.989451629863151	5.39057070741657e-79	94
1503366	0.957985743713274	4.68722165666058e-50	91
1503367	0.95643667409839	2.81283026687166e-55	102
1503368	0.96744248344887	4.34815160313292e-59	98
1503369	0.96714038922937	9.29803071835318e-46	76
1503370	0.972001944897442	1.30624507568772e-54	86
1503371	0.972724718227956	1.85801221135054e-75	118
1509073	0.976476052265904	5.16437547827352e-41	61
1509074	0.975126447363385	4.29562260017966e-77	117
1524414	0.987321888289434	2.38241896041423e-79	99
1524415	0.976812688553661	2.65474273766636e-53	79
1524416	0.956797287394062	2.67407900398338e-53	98
1524417	0.976942554190521	2.51027079295583e-82	122
1524418	0.961435294471559	2.66969690178212e-48	85
1524419	0.962134611553201	3.00686489395353e-41	72
1659817	0.977926793128533	1.24146389743761e-76	112
1659818	0.943035181335466	6.5372477885284e-15	30
1659819	0.955067221284412	2.8725040383316e-23	43
1659823	0.978299282727361	2.75447707903821e-39	57
1659928	0.931048387096774	0	31
1660034	0.976360527130731	1.16012738478141e-59	89
1660035	0.978250458012892	2.95273669500673e-87	127
1660036	0.975909509413461	6.64534851494631e-74	111
1674021	0.975378058080199	1.09800713431747e-76	116
683665	0.974542737381727	1.22821364377885e-85	131
683667	0.975956683743599	2.7559557331296e-73	110
684052	0.971946777060578	5.9373830582307e-83	131
684055	0.976355104834042	5.17410948262494e-83	124
684057	0.978339837259787	2.28895366627346e-87	127
684059	0.963684736565284	1.32297213007866e-62	108
684062	0.975809198158998	2.25598876144778e-88	133
684072	0.975968995434112	6.47102630421741e-84	126
684681	0.977565773376252	4.25502621430931e-127	187
687448	0.974524774877947	4.1525816718771e-79	121
687452	0.972333249547643	3.33756361648232e-73	115
687455	0.966432405089296	1.63930782244656e-84	142
687457	0.977958235492466	3.58669580349986e-99	145
687459	0.984694710839416	1.80803196762363e-97	128
687505	0.974702446018519	7.62532118174355e-69	105
687506	0.979747283148547	1.7929335315723e-95	136
687514	0.972810657595361	6.87531939766992e-68	106
687561	0.983915624805234	1.27285990047275e-94	126
687562	0.970207791933378	1.12656538854495e-80	130
687563	0.975186506648866	5.8796127017897e-68	103
687568	0.968470398797793	6.13304185874887e-81	133
687586	0.987263109297167	1.16271224324971e-109	137
687588	0.981125393585778	8.54177455734115e-102	142
687590	0.97510996460051	8.48906191803064e-114	173
687592	0.96713474968997	1.18194211338598e-66	111
687596	0.977520823581131	2.45228269287634e-84	124
687600	0.959515639988922	4.85261804180057e-123	222
687777	0.98128753755149	1.72857763186224e-103	144
687780	0.959088417113269	9.17531530822525e-64	115
687787	0.965102951097003	6.22600987975274e-77	131
687798	0.971327237801429	1.73951626623179e-100	160
687799	0.971314016570005	1.03552975717825e-81	130
687800	0.911097657453392	3.70228511298836e-07	17
687802	0.976940655768612	4.59277447574392e-91	135
687804	0.979563778943811	1.09075094317558e-135	194
687807	0.968856220675601	2.38909209507793e-135	222
687812	0.981322740107638	5.40049991619412e-77	107
687814	0.974870218244801	1.32370026108652e-105	161
687815	0.981605892138934	2.85146221278274e-85	118
687816	0.963554321576963	4.31521372951264e-40	69
687819	0.984371597984458	2.76004798927409e-114	151
687820	0.975013413583509	3.45267868890444e-84	128
687821	0.982748951968178	2.66032207383367e-102	139
687829	0.986778580928458	1.32921237028223e-85	108
687980	0.989047245795987	3.89857951101342e-23	28
687983	0.973884231534811	7.6783437027445e-118	182
687985	0.975543356641627	5.70435019082774e-65	98
687995	0.981864166709093	1.88058103126748e-83	115
687997	0.978119746504556	1.1852732945342e-137	201
688001	0.96952464368234	5.43753886157437e-77	125
688006	0.980263367934931	1.30104228483856e-121	172
688007	0.978109440750247	1.17179263356879e-124	182
688010	0.976902289305819	3.49772826003772e-70	104
688011	0.983792815578724	1.34981566250823e-120	161
688013	0.978362840332669	1.34426083813324e-106	155
688014	0.980563532800651	2.66130342717066e-141	199
688018	0.972615388789371	3.13274944833872e-98	154
688021	0.972107916059328	1.97411224241622e-142	225
688022	1	1	2
688023	0.971289514607129	4.57014755749504e-96	153
688025	0.968489907665975	4.11625754855906e-99	163
688026	0.96601356366344	2.8968319972708e-88	149
688027	0.975305456212253	1.02593634441035e-116	177
688031	0.973956554201984	6.93827795717609e-120	185
688058	0.971545384569419	2.52978631686504e-86	137
688086	0.977126497146964	1.04315038490434e-98	146
688087	0.982827919535087	6.16413277134711e-140	190
688121	0.978193349856128	1.67987996690307e-99	145
713869	0.984157715577532	1.3502674498367e-56	75
713878	0.965535741870175	2.82235666108899e-77	131
713880	0.97868207604879	4.3638598463945e-107	155
713885	0.982310348504487	1.01823975321211e-130	179
713899	0.984904414341661	1.48888679767275e-95	125
717431	0.978433768103191	1.74952211399321e-87	127
722045	0.974927471554534	1.34506358877799e-56	86
722046	0.980025064966087	1.64335268438126e-82	117
722058	0.977166668818119	5.19886363012193e-63	93
722066	0.96553271609172	1.28293735479441e-79	135
724812	0.984483080662481	3.23281965449932e-84	111
724825	0.976442491803758	2.76964976872685e-32	48
724828	0.963175844316063	5.0251796763264e-76	132
724831	0.980682990973504	3.11351745368544e-76	107
724834	0.972007598462006	4.48925160716247e-76	120
724838	0.956606564970536	3.28890758947507e-53	98
724839	0.96985773891952	2.39449871456235e-88	143
724855	0.975916748945211	3.48969577453722e-85	128
724859	0.963185692299118	3.44171637174465e-89	155
724863	0.955265141304341	7.05068431353338e-101	189
724866	0.980322406021646	1.02568214432255e-97	138
724868	0.98287917978174	8.66118571823485e-102	138
724869	0.970628212598671	6.94470483216271e-52	83
724870	0.986280741760526	1.60513688549397e-96	123
724872	0.972992394864912	7.7334378066141e-125	195
724873	0.97505747385195	2.06692240549028e-93	142
724874	0.971618961893959	9.0443137437544e-118	187
724878	0.979556813661033	8.69260935750206e-101	144
724879	0.977546232410561	2.47853161898032e-82	121
735784	0.981722297200228	5.6177801477911e-123	170
749709	0.982215139392665	1.37997120069606e-103	142
749710	0.974526317645677	3.71498312024757e-77	118
749711	0.974860905193787	7.36955134973242e-109	166
749712	0.983614232416492	1.63889201348454e-113	152
749713	0.96901033055421	1.82723623799072e-45	74
749714	0.974303123241213	6.39019331258983e-90	138
749715	0.974128632926929	7.53485317360925e-108	166
749716	0.9644249798543	1.61017832695107e-95	164
749717	0.965261597481918	3.7770375318427e-81	138
753531	0.970543611388237	5.2740100960343e-63	101
753532	0.980028752247461	2.42835492628633e-111	158
753533	0.984352798664338	1.40376443479446e-91	121
753534	0.975763003389926	9.84920384259672e-78	117
753535	0.972737456011951	7.99529879978373e-61	95
753536	0.976304387952104	1.31540692930576e-109	164
753538	0.983509718716429	3.11004631383459e-90	121
753539	0.965871115735746	3.94918645579452e-68	115
753540	0.969889056402489	3.73397027094831e-63	102
753541	0.977039823238386	2.58814021674429e-70	104
753545	0.978181905613954	5.8310343979141e-92	134
753546	0.982761325461512	1.68605232758672e-129	176
753547	0.978159394657949	5.02982888680828e-109	159
753548	0.983260217115433	2.29193580774698e-88	119
753549	0.976379515598511	1.02084526963415e-107	161
753551	0.974125942083314	8.74152569703506e-143	220
753552	0.977628693519249	1.11835484361411e-115	170
753554	0.981482279996688	2.19705732646036e-84	117
753555	0.968233036172128	3.63778488396028e-124	205
753556	0.976141757725706	7.89814228326342e-55	82
753558	0.972648996693172	5.213433655884e-90	141
753559	0.973916090617421	1.66253029134591e-78	121
753561	0.980476884322748	1.18186904224008e-98	139
753562	0.985176457163504	1.22077853549272e-100	131
753563	0.969074193510618	3.8919855688051e-85	139
753564	0.983117228380487	1.11984585167952e-103	140
753565	0.975581534025903	9.05071741955285e-89	134
753566	0.982158454565596	2.14614809175279e-82	113
753569	0.944638779267856	2.07754722074532e-23	47
753570	0.975820337323583	1.44781588879958e-60	91
753572	0.973704533741792	2.96798008927954e-60	93
753573	0.961212227815283	6.11886814268756e-55	97
753574	0.97266172365967	2.10312564245764e-68	107
753575	0.978629165262465	2.04096934371337e-88	128
753576	0.98309405706804	1.65300326683618e-95	129
753577	0.978137100581434	1.52664201197608e-77	113
753578	0.98026505897422	9.53551839107635e-100	141
753579	0.978929379120933	5.48967350131897e-122	176
753581	0.976929037766955	2.49617851016859e-127	189
753582	0.968912246012919	1.21302800527493e-74	122
753583	0.97688615067709	9.01109434398934e-106	157
753584	0.981937938901039	5.46804803547029e-114	157
753585	0.98651440733954	7.13756237575077e-116	147
753586	0.96086806360479	1.51670451754535e-71	127
753588	0.981489682562045	4.77333576358333e-116	161
753589	0.975129392501861	3.79342260500475e-134	204
753592	0.983427659244542	2.60885108673017e-95	128
753594	0.984268807213113	6.51126522316011e-130	172
753595	0.965306127169491	8.28229845107289e-65	110
753596	0.976976521926323	4.49871957839182e-87	129
753599	0.973345459184117	3.5275764674759e-122	190
753600	0.963998471818596	9.11297993614411e-74	127
753604	0.967116853599617	9.8320134040128e-49	81
753605	0.972566640248896	1.4850947242299e-90	142
753607	0.988813829352437	2.14859551835558e-65	79
753608	0.962625629217193	4.44681662871794e-67	117
753610	0.96494607832365	2.08681884243669e-56	96
753612	0.968482529523808	2.90302734073862e-94	155
753614	0.95736721958571	6.14247065637473e-65	119
753615	0.957515911511571	3.32962945176085e-29	53
753616	0.97898469597193	2.56053749970866e-119	172
753618	0.982232202423528	5.52372287057235e-108	148
753620	0.975701764699302	1.97510177472554e-105	159
753621	0.976691244040221	1.67962676842646e-107	160
753622	0.982060210331937	2.51908620660204e-103	142
753623	0.976700904951431	3.79071948688357e-100	149
753624	0.976555600564539	1.40291146598801e-86	129
905933	0.978006226799399	1.32821278242367e-100	147
905934	0.959285526926097	3.15888267053467e-62	112
905935	0.973900231768592	8.80310518680092e-80	123
905936	0.967568492756431	2.28662278388343e-60	100
905937	0.976384244403971	1.02008424594735e-91	137
905938	0.979352067395973	2.92479109900231e-87	125
905939	0.973555573823124	6.11263604840936e-75	116
905940	0.964221457642216	1.02668379372098e-79	137
905941	0.975426528360278	5.31170985011077e-109	165
905942	0.975506584595609	4.54461006398274e-113	171
905944	0.982496038177566	8.87630679984892e-86	117
905945	0.980014054697989	2.18262288159678e-80	114
905946	0.968523953758631	2.79717221430275e-91	150
905947	0.96968393099297	2.45588014002646e-51	83
905948	0.980501859390746	1.7950761971512e-123	174
905949	0.977421873149902	5.04221485277464e-32	47
905950	0.970847928837992	3.04064703157013e-58	93
905951	0.964821343520357	3.54626349567974e-34	58
905952	0.980820258164413	3.1545277825322e-84	118
905954	0.980090698649321	1.90415606643171e-92	131
905955	0.982479934601628	8.90601199258281e-124	169
905956	0.979449365350356	1.34776276545597e-84	121
905957	0.98478681605718	3.05273505084746e-121	159
905958	0.984071768162206	4.01554645866714e-91	121
905959	0.974432625679778	2.61646756039336e-67	103
905960	0.975428178063569	6.93724592935429e-92	139
905961	0.980514142039325	5.3532053624428e-81	114
905962	0.971907412978207	5.5266133911901e-76	120
905963	0.977061410987764	3.01908480767649e-62	92
905964	0.977126202507701	5.44146960403628e-94	139
905965	0.978653391443927	1.22804157112963e-63	92
905967	0.976038013286584	2.19961851789266e-144	217
905968	0.983619909502262	0	51
905969	0.977513091413721	7.15690803111484e-77	113
905970	0.96185521564551	1.3489725780144e-88	156
905971	0.979544455889083	2.55419715196228e-83	119
905972	0.973029947559883	2.24126371558955e-76	119
905973	0.975363818866283	6.52462096840556e-84	127
905974	0.980412005676794	1.32144990669691e-93	132
905975	0.971697066403114	5.03753274907405e-72	114
905976	0.981233168576852	7.57713082546443e-110	153
905977	0.972459366088674	5.33881261348623e-86	135
905978	0.971499752692828	4.28336353396196e-68	108
905979	0.984333297112096	1.51089562633942e-91	121
905980	0.976264482252466	1.41676084190536e-87	131
905981	0.970422841022544	4.64730646594911e-61	98
905982	0.971935789942113	3.5791936205133e-96	152
905983	0.975616554265198	2.09413155960569e-60	91
905984	0.972432162058111	1.41034375886626e-93	147
905985	0.980739306349503	7.81495884111179e-85	119
905986	0.976255326025108	1.43893190154777e-83	125
905989	0.972141386174287	1.83917473606181e-89	141
905990	0.987891252689587	1.36168578343888e-100	124
905991	0.979533029679946	1.31627568234469e-82	118
906693	0.978278590513875	1.06881658634989e-77	113
906696	0.977186301509371	4.19604941168481e-69	102
906746	0.982462887144855	3.98670570145969e-109	149
906763	0.979477319062742	2.91774870774033e-76	109
906765	0.971106936768257	1.26510421651003e-89	143
906790	0.98317670301242	1.40660262699442e-81	110
906791	0.975030346313746	6.41177058846278e-62	94
906792	0.970183889152717	7.78168132117532e-66	106
906793	0.975091918476766	8.22447334841855e-72	109
906794	0.972492079857968	3.92844391187979e-110	173
906795	0.984487978442644	1.27776269313885e-98	130
906797	0.982912953881962	1.08712300967299e-96	131
906798	0.980785570079658	7.79111804256696e-100	140
906800	0.979152535047077	1.54692697918319e-58	84
906801	0.975507254317797	1.28724401031274e-94	143
906803	0.976175823888256	8.48016711016241e-91	136
906804	0.969487774474169	6.65366333769561e-55	89
906805	0.966791883934049	7.57290665744962e-38	63
906807	0.983602421246358	4.15795158058671e-41	55
906808	0.977542361834016	9.1345416416012e-130	191
906812	0.979251237673768	4.05682881655032e-128	184
906813	0.966907447900381	1.99606430898944e-97	163
906814	0.979478628145808	3.60235019725801e-74	106
906815	0.966445231490189	3.38947689360035e-79	133
906817	0.983688288829433	1.29233608669955e-122	164
906818	0.983211366694671	8.96091566436034e-90	121
906820	0.968878899415512	1.72052041425098e-65	107
906821	0.981826965428389	2.55332254869501e-99	137
906823	0.977048324802885	7.49685569708119e-90	133
906824	0.965780505968337	3.49916857996591e-52	88
906826	0.975673448225237	1.21453220262686e-77	117
906827	0.976556634339932	5.71913549615943e-106	158
906828	0.975176067242417	2.64864072642631e-88	134
906830	0.977686386635206	2.89168457653439e-106	156
906831	0.972145149187561	8.82657815954343e-84	132
906832	0.95193795626076	6.26727775032368e-61	117
906833	0.982479941599066	2.1712973688414e-70	96
906834	0.983223397129729	1.01294415823142e-152	206
906835	0.971615000934575	1.00953025386577e-75	120
906836	0.962623336718027	3.81096630501055e-84	147
906837	0.984868477002154	3.19817201892442e-109	143
906838	0.966200609595996	2.73356208193968e-97	164
906839	0.98419253472975	2.74063790718186e-85	113
906841	0.975704640128868	5.04065093650435e-114	172
906842	0.95904792170229	1.69009446252066e-28	51
906843	0.987002757331177	7.23352433822931e-110	138
906844	0.970818116510205	5.35081487041136e-80	128
906846	0.965422969908497	1.76410140146373e-89	152
906847	0.961812760546852	4.78329267739029e-84	148
906848	0.980575921976408	6.02951171712695e-79	111
906849	0.978021978021978	0	14
906850	0.983118021818415	5.11008952603046e-80	108
906851	0.975499489903519	1.35928131759097e-65	99
906852	0.970746570817024	7.00413627826767e-67	107
906853	0.977265869564238	8.54537197799301e-91	134
906854	0.972958957179178	8.59655244913817e-58	90
906855	0.97778668682057	2.34046730126153e-70	103
906856	0.976726854451168	1.38800149283e-54	81
906861	0.978425186657612	2.36283890390284e-83	121
906862	0.971710187672633	6.10387998918622e-101	160
906863	0.982530788525445	2.85050782775171e-98	134
906864	0.98153225646607	7.59265446635268e-117	162
906865	0.972073939305699	3.4531138411428e-69	109
906868	0.975644822749076	8.48131445425394e-56	84
906869	0.980232187561756	8.00421524214331e-90	127
906870	0.97068333453274	5.72195534617337e-65	104
906871	0.976268295787505	6.45347291837357e-83	124
906872	0.978092207686449	1.48421738162216e-66	97
906873	0.982743584909866	5.77963861317866e-106	144
906875	0.981401478983222	1.50652463173469e-106	148
906877	0.963776705811507	1.52922994917028e-65	113
906999	0.981934779181189	5.36479430967322e-85	117
907000	0.979882917790475	1.79482222280209e-98	140
907041	0.98046907061797	1.25699957578181e-115	163
907042	0.981974944207217	1.59836813032595e-78	108
907043	0.975277987820252	7.0636721989171e-103	156
907044	0.969663876605362	1.69243124978878e-76	124
907045	0.962651754142066	1.33804115686821e-83	146
907046	0.974091994745014	5.66686032495896e-80	123
907047	0.973901091689306	3.36626612475061e-77	119
907048	0.968769948208769	5.08704971585837e-66	108
907050	0.94778567295287	6.53193164532768e-59	117
907051	0.984232120434424	1.49385313672845e-124	165
907053	0.977504964391289	2.09291090712329e-69	102
907055	0.979507959557834	2.69574400749836e-76	109
907056	0.975916748517774	1.32437584620261e-68	103
907057	0.9757638252193	2.2934799588998e-82	124
907058	0.97875991643854	1.69888888855057e-66	96
907059	0.982498020888294	1.56273681959315e-105	144
907060	0.982354809574168	7.53087795997136e-112	153
907061	0.971452249979241	2.05174023696452e-62	99
907062	0.978894249789278	7.51546006485217e-73	105
907064	0.98344770291367	4.11524609171443e-93	125
907065	0.980934243907225	6.73927646704823e-113	158
907066	0.979068350943985	7.62317852300563e-112	161
907067	0.978425548840249	5.76476265424642e-93	135
907068	0.972253024666573	6.88258791888511e-84	132
907069	0.970987626748599	3.38636519813152e-65	104
907071	0.987221044709632	1.45052472570842e-109	137
907072	0.984939096496215	3.37580029025921e-100	131
907073	0.96968760839114	4.60525187093321e-74	120
907169	0.974150177359096	1.49438840836827e-73	113
907170	0.970185640809348	7.57031997853431e-95	153
907171	0.980610294284043	1.66883285420922e-87	123
907172	0.980359481017298	9.34533137292403e-86	121
907173	0.973802148245076	1.03098679967511e-88	137
907175	0.964567668451841	1.94243720094677e-90	155
907176	0.976487844992859	1.49565038916208e-114	171
907268	0.974518051424977	1.41282802665082e-100	154
907269	0.974199437225255	9.19310744278137e-103	158
907270	0.964898797324834	1.45034597618343e-96	165
907271	0.979977111477659	4.27805111093539e-69	98
907272	0.988429243541101	2.50958464348989e-99	121
907273	0.973462174697002	2.9715539967445e-99	154
907274	0.974059243473639	3.57089861735433e-94	145
907275	0.97571110791121	7.35938293731798e-54	81
907276	0.9816938148586	4.33314266152693e-47	65
907277	0.980690836601754	3.42845459914005e-86	121
907278	0.969954300035525	2.30039056992622e-77	125
907279	0.978404580746197	1.32825318275725e-104	152
907280	0.984544883093548	1.6353841506657e-102	135
907281	0.980584156335708	1.33357825546326e-67	95
907282	0.971988771937517	4.24701750227007e-110	174
907284	0.974768691401609	2.08921950330701e-60	92
907285	0.97580153776766	1.0230031337879e-85	129
907286	0.96098208054709	1.85885041794104e-51	91
907287	0.975020936923875	4.39369679764763e-109	166
907289	0.974993950408986	6.7172843815915e-117	178
907290	0.971466121336137	3.34176667035244e-71	113
907291	0.972741959647972	3.44026706334997e-60	94
907295	0.976543178244533	5.7222046882274e-114	170
907298	0.979015651711511	4.91821726827125e-57	82
907299	0.964819810046151	1.37779720375441e-54	93
907300	0.975865512919217	1.50584691395144e-121	183
907311	0.984622853726186	4.12491209567621e-79	104
907312	0.985301907971789	5.98069461802784e-114	148
907313	0.975532435968531	2.3321526664405e-58	88
907314	0.977772899637473	7.96403702787171e-129	189
907317	0.979119924348467	3.84204275655159e-100	144
907318	0.961251848590213	1.18196934420677e-47	84
907319	0.974839637963249	8.31593144583063e-60	91
907320	0.967503316621982	4.01205860421924e-62	103
907321	0.981623600650214	3.69471599058407e-101	140
907322	0.975804947146345	2.43103977622548e-135	204
907323	0.980878414919265	3.17948991502817e-114	160
907391	0.977534807246713	2.55384928092904e-82	121
907783	0.973452653958165	1.46458473501714e-73	114
907785	0.96966399064734	8.13307442114356e-73	118
907786	0.977210180126437	4.22898442556203e-67	99
907787	0.969574655447024	1.73977331590659e-79	129
907788	0.968807921919181	4.61024598031691e-83	136
907789	0.970690707418642	1.55800909159452e-75	121
907790	0.983190968422269	1.91357359925741e-93	126
907791	0.96944954797191	2.08032021841849e-112	183
907792	0.970822926099634	4.6493441574277e-93	149
907794	0.97333361577253	9.78251832605918e-75	116
907795	0.972374854622497	1.40405114233738e-98	155
907796	0.977113402620505	5.18207308978555e-67	99
907799	0.973308172811873	2.58462330229316e-109	170
908119	0.974078762409454	5.84236172390439e-80	123
908121	0.983419185658489	1.06336790746048e-105	142
908122	0.977613471005289	1.75914600641551e-86	127
908123	0.976206212523228	7.40333133574719e-77	115
908124	0.970547546540324	4.42508451734431e-30	48
908125	0.976948930466835	7.62782091841734e-65	96
908126	0.970288673109287	3.05310495579306e-70	113
908127	0.981921086619832	1.30228691977224e-109	151
908128	0.977158689991203	1.16155480120257e-90	134
908129	0.963633110728171	8.06010928921083e-80	138
908130	0.985930807933246	1.98740764203282e-104	134
908131	0.971946867966655	2.53366428874757e-82	130
908132	0.95820348596283	2.53641314538312e-40	73
908135	0.977784337377687	6.34050404300289e-82	120
908136	0.96767371580114	4.85222434528932e-76	126
908138	0.979700775944623	3.26009135667665e-77	110
908139	0.97619395575285	3.55339952085605e-78	117
908141	0.980712600709904	1.14886143242477e-82	116
908142	0.97314598819806	1.10603409490425e-79	124
908143	0.968337552161998	3.26028022102382e-109	180
908144	0.952678392382209	3.72656504442037e-57	109
908145	0.983379949450219	1.24296925610856e-79	107
908146	0.973102038989884	5.68125172136076e-56	87
908147	0.978748913873724	1.56976726094144e-30	44
908148	0.978767635584991	8.19281466367123e-66	95
908149	0.956674414779475	1.424578667267e-86	160
908150	0.983025812763174	2.02264601296972e-109	148
908151	0.971009072818472	7.52374629967046e-104	166
908152	0.979273589708308	5.05197219967226e-133	191
908156	0.978596032640199	2.37462147926531e-46	67
908158	0.981040065697275	8.52555508597878e-74	103
908159	0.982866806099216	7.99697226497334e-99	134
908440	0.972633082761063	1.18746164852621e-69	109
908443	0.970891716608945	9.94490080691281e-71	113
908444	0.966131942333887	1.24900414149988e-96	163
908445	0.977622869957505	6.53026852231751e-130	191
908446	0.979457523577753	3.89294904611183e-143	205
908447	0.97003700904506	3.90974453138974e-81	131
908448	0.973963055261566	1.26758657566279e-54	84
908449	0.972700626140604	1.28798021763537e-78	123
908450	0.972991664517341	3.79168189156472e-103	161
908451	0.971532843418608	3.07533017303743e-66	105
908452	0.979962202590497	1.07142282968816e-100	143
908454	0.97768536205112	5.61235191256314e-73	107
908455	0.979659622917891	2.30901116009906e-81	116
908457	0.961475473569175	8.98550328666476e-66	116
908458	0.974092203019318	9.67132950280056e-88	135
908459	0.975665111746644	1.648220902655e-91	138
908460	0.971316759189052	4.34555330295092e-81	129
908461	0.95388402506587	6.00728467212071e-31	58
908462	0.979430221275729	2.57657968950926e-117	168
908463	0.975557770888118	7.97707986556536e-81	122
908465	0.973020878097161	5.98353873271979e-63	98
908467	0.978456423329129	1.6403452202046e-133	194
908468	0.984814476554158	1.10980549063703e-52	69
908469	0.975196288521188	7.86881983999219e-120	182
908470	0.98424487010461	5.60099606160783e-105	139
908471	0.98058998334451	2.68585424525753e-112	158
908472	0.981457321272343	1.30643520544956e-101	141
908473	0.977370916399838	6.51216799311827e-114	168
908474	0.969867822605975	1.1200977672312e-68	111
908475	0.977114984940174	4.40588067376058e-73	108
908476	0.968834508907035	1.05011887371469e-100	165
908481	0.981303113849227	1.0926373083069e-77	108
908482	0.970476862177689	9.80571245689742e-88	141
908483	0.975471052697778	1.40859170547583e-121	184
909194	0.97308296294169	1.02077499887871e-61	96
909248	0.975099721955234	6.14936192740192e-85	129
909249	0.981750555588966	1.77375400626402e-111	154
909250	0.974068264908823	2.32256063866615e-77	119
909251	0.971047772604724	4.29668504356797e-77	123
909252	0.981506834813752	1.86320223451895e-89	124
909253	0.978710851627674	6.55240364377099e-152	220
909255	0.939622335046695	4.52872952876235e-38	80
909256	0.970585417988967	4.60966013096842e-76	122
909257	0.964820435483783	2.52944086215181e-63	108
909260	0.979905748832459	4.3822579965393e-90	128
909262	0.971036362568139	3.03564782452791e-108	173
909263	0.981027332501095	3.33251328721453e-115	161
909264	0.981543127318967	2.09024926350067e-61	85
909696	0.986568511677425	3.14503813625853e-100	127
909697	0.968762587352034	8.31219374519051e-82	134
909698	0.966519140507287	1.4818545329317e-71	120
909699	0.973690007573326	8.03070926868906e-63	97
909700	0.984993298717419	2.34313488197956e-90	118
909701	0.977083894294153	1.10905067239928e-69	103
909702	0.979680331087739	1.09171252029012e-80	115
909703	0.977397723659689	5.98424240025038e-68	100
909704	0.97355142404919	8.99958223862111e-52	80
909706	0.972852158307038	5.2038726756125e-66	103
909707	0.976414722998323	4.21855085909301e-107	160
909708	0.959813319742152	9.52683527224757e-65	116
909709	0.969130068657177	1.0073438349384e-68	112
909711	0.974508655284007	5.57284661840591e-137	210
909712	0.980834697452657	9.292968219654e-103	144
909713	0.969416972545911	1.29265212436873e-72	118
909715	0.97420411021107	3.94486836886201e-28	43
909716	0.982682422027295	6.48032979789755e-92	125
909717	0.974369722426506	1.35500005930064e-92	142
909718	0.942860877578778	1.22514650662472e-58	121
909719	0.976849740362032	2.88384142409638e-88	131
909720	0.95792069516266	4.35580531624705e-63	115
909721	0.978618630545746	1.32033224281437e-63	92
909722	0.970404941992356	1.87819218981827e-42	68
909723	0.97652814354547	5.18196713173355e-150	224
909724	0.964086981630779	2.96182203991108e-73	126
909725	0.97628980357456	2.82532517592091e-78	117
909726	0.973265938961063	5.90025821213398e-76	118
909727	0.965180131643952	1.68198387785369e-42	72
909728	0.968030172374194	6.70765047928648e-68	112
909729	0.982817699184204	1.91408235540204e-88	120
909730	0.980430219422275	2.05768666060067e-101	143
909731	0.97343177994153	1.57118899451697e-82	128
909732	0.986800427094315	1.03398376740046e-119	151
909735	0.978730323395519	7.54911008038227e-68	98
909736	0.979837607214829	5.74167581155639e-76	108
909737	0.952121648234816	1.18143770349969e-49	95
909738	0.98157206002757	2.86404978771963e-90	125
909739	0.95915926856925	1.72274079623424e-49	89
909740	0.975926912568517	1.60425620859078e-86	130
909742	0.967401991084291	1.20048725223641e-65	109
909743	0.967419973068225	2.24403358423601e-94	157
909744	0.981037392187144	6.12270995257218e-106	148
909745	0.972323581396377	9.24458108080818e-69	108
909746	0.953093301066268	7.0862206126003e-58	110
909747	0.981518650095636	5.58891751324103e-119	165
909748	0.976980322521105	2.47891271153456e-78	116
909749	0.976051488843981	1.00092064578698e-68	103
909750	0.970708958677759	3.53567406210457e-94	151
909751	0.974924674821198	2.82077826252285e-74	113
909753	0.974630072834262	1.31946325730612e-76	117
909754	0.975633403451462	2.5915086192584e-140	212
909755	0.972192218771819	1.36106460315927e-63	100
909756	0.97896236219171	1.29692094837076e-82	119
909757	0.967140165352825	2.76645789365347e-95	159
909758	0.971146253558948	6.2977174882212e-81	129
909759	0.967021613298058	2.21097140709826e-65	109
909761	0.970208861806661	1.00597472844556e-96	156
909769	0.98025473696858	4.66246345639822e-130	184
909770	0.974382298685529	1.92341734777932e-111	171
909771	0.968387935946023	2.03381297094587e-101	167
909773	0.970932198719981	6.22614710078587e-92	147
909774	0.97577546020853	1.13284641642738e-87	132
909776	0.984223591519973	6.1391332703577e-105	139
909777	0.973153923794718	1.95706743801516e-101	158
909778	0.969435544497043	1.53804234206127e-88	144
909779	0.975105933453014	2.95354071575354e-86	131
909780	0.980010648711945	6.71911894457172e-84	119
909781	0.977148219219341	1.55562137728386e-80	119
909784	0.977289362191275	1.23231687093205e-76	113
909785	0.982809874725571	5.05051147553005e-109	148
909904	0.978529165306107	2.37994726080052e-112	163
909905	0.979380423452387	2.81950312294204e-71	102
909907	0.969552172584455	2.37722448000966e-46	75
909974	0.970134437428361	3.05026061219539e-89	144
909975	0.97973354974876	2.36552728009048e-100	143
909976	0.983878828924615	5.31197026466169e-138	184
909977	0.978024642252116	3.60395821728216e-95	139
910079	0.976435879111594	1.84529208885296e-102	153
910209	0.974499763791308	1.20765052850906e-40	62
910399	0.976467513622802	8.19299531010891e-88	131
910401	0.984689342080678	1.06441150498716e-96	127
910544	0.944944912711134	1.71138763973774e-62	127
910545	0.972827494374189	1.25447567815873e-66	104
910546	0.974705923400964	3.3200292600262e-83	127
910548	0.976629986435528	5.57959937758783e-82	122
910549	0.971266528649901	4.84860410659798e-81	129
910554	0.962479143811021	4.92825133183818e-126	221
910566	0.961382364975934	1.36974109053582e-64	114
910567	0.971285825258952	1.94579754003336e-95	152
910568	0.977353836922803	5.82732320880101e-95	140
910569	0.981331011353879	3.27539110493911e-122	170
910687	0.968022689900856	6.6016769788642e-71	117
910688	0.970780934475521	7.90918056989022e-82	131
910689	0.982869239119636	4.67999967555665e-126	171
910691	0.9790153343791	1.32385883768837e-107	155
910692	0.977948788706581	1.19431522129753e-121	178
910694	0.970687085926055	1.97756922000473e-90	145
910695	0.979439488551822	5.59602299124472e-86	123
910697	0.970721767767489	9.67514973755194e-87	139
910698	0.976545803863074	1.54746357325852e-76	114
910700	0.971672890467552	1.21869533716132e-99	158
910701	0.976482897773956	8.45895774593474e-74	110
910702	0.985396021929635	1.97227269520486e-96	125
910703	0.971104004299532	3.02994734738276e-90	144
910704	0.97332448748045	1.13112596009078e-67	105
910705	0.971286616944426	3.91499141186269e-44	70
910706	0.979957433682511	1.06826890079588e-74	106
910710	0.981086099855012	2.90462545152728e-65	91
910779	0.977631930853823	4.83802104315002e-98	144
910780	0.977309475947146	1.03535263665423e-105	156
910781	0.988520249072565	5.84610534449802e-79	96
910784	0.981080999795774	1.25986200040449e-41	58
910849	0.98274259994252	3.0408684234694e-116	158
910850	0.978329316479628	4.97771176319839e-112	163
910851	0.980818892411166	1.69421557776746e-88	124
910852	0.955706082333652	2.16697914081257e-54	101
910853	0.965598460405665	1.30941832386952e-55	94
910861	0.970076198546627	3.94084788786691e-110	178
910899	0.986262675315046	9.16159357180637e-63	80
910900	0.977053930176218	2.32437590116422e-107	159
910903	0.948207578012791	1.31522682133511e-50	100
910904	0.98005915935665	1.06434296817754e-91	130
910905	0.973210098204836	2.0412384477952e-119	186
910906	0.980576574758085	1.17511478545989e-79	112
910907	0.977262041666762	8.14457151912514e-93	137
910910	0.968168699323998	7.591004579414e-76	125
910911	0.962310401800977	3.01449752157904e-74	130
910915	0.971634185867529	4.38404815334095e-97	154
910916	0.970607176781408	4.05695839704323e-71	114
910919	0.960061700641927	1.49762966900001e-76	137
910920	0.983502044030532	4.39871601469774e-108	145
910921	0.976606242350331	2.71775413336665e-83	124
910922	0.972601167406166	2.86765396461813e-42	66
910924	0.980389826955088	1.67428320530874e-86	122
910925	0.967815813861336	9.91112807982851e-62	102
910926	0.980014216415879	2.18164371791084e-80	114
910927	0.980968219959912	1.09966455855297e-103	145
910930	0.975277821800988	1.07570697983067e-68	104
910931	0.970718570269971	3.19942483859002e-89	143
910932	0.978202963117214	1.28894068752989e-116	170
910933	0.962266742098747	8.72758996885278e-92	161
910934	0.975869503591674	3.52739081256669e-77	116
910935	0.966881645527375	7.43289850158772e-69	115
910936	0.983472926457626	5.43159702683359e-82	110
910937	0.959810476424526	7.30154817045972e-92	165
910941	0.977092612424215	1.46519818167567e-32	48
910942	0.974127176810326	5.1231690915146e-91	140
910943	0.981514175247782	6.19284101284426e-114	158
910944	0.98252948116167	1.59447876267996e-56	77
910946	0.974660915851304	1.23809682508252e-91	140
910947	0.974159875214285	3.17802345305678e-85	131
910948	0.972786616649198	1.04580042899446e-120	189
910951	0.970818668112702	1.13875903492457e-32	52
910952	0.983206694321923	8.3534208662872e-87	117
911905	0.970288309015648	2.28919626587048e-81	131
917486	0.960941971897866	7.45644824549e-93	165
924100	0.979496796020838	7.26336586203111e-82	117
924102	0.97665097466691	2.69733256268597e-73	109
924104	0.98035900792309	1.1561977811935e-66	94
924105	0.970453216855754	5.8636085883437e-45	72
924106	0.981285480298928	2.97054345937901e-81	113
924107	0.976631911287759	2.54365703133412e-83	124
924108	0.979887950244475	8.87405811399747e-98	139
924110	0.98029210816657	5.84268177042967e-121	171
924111	0.97804894612824	6.236216299146e-70	102
924151	0.956966822859568	8.0020244981054e-46	84
924186	0.970942003988663	1.17928663759485e-67	108
924187	0.97519626208247	1.13909383148208e-87	133
924188	0.980012542878829	3.11901375803528e-116	165
924238	0.974694415276009	1.02395864519497e-89	137
924239	0.983115861065476	1.01922838140089e-100	136
924240	0.972395609277758	1.32664066297799e-98	155
924244	0.971111328734962	8.95678066481848e-78	124
924247	0.945751380230136	3.87977720406892e-50	101
924248	0.978473364696704	1.54356458764939e-65	95
924250	0.960907570110983	5.73407111049933e-38	67
925338	0.980886682279697	2.8018946374301e-99	139
925339	0.977922715594352	6.82902188557744e-104	152
925340	0.979174509394174	1.05725099243786e-78	113
925341	0.970377267560207	8.67981818858985e-73	117
925342	0.981627956904481	3.46846985663654e-88	122
925343	0.972935450844447	3.91498016424856e-87	136
925345	0.981111782414278	1.03942115019065e-61	86
925346	0.977705676576994	8.52580488995299e-80	117
925347	0.971013320207682	1.03719413887432e-67	108
925348	0.986735518847387	2.31530553472033e-82	104
930082	0.977737217008253	9.46447883598148e-76	111
930083	0.983717956008814	1.83031279188296e-114	153
930297	0.976763610801714	2.5494459285743e-116	173
930298	0.979715209749731	1.02680839086776e-115	165
930299	0.977955271983449	2.97465971215409e-118	173
946353	0.980202824586451	1.16638121126638e-130	185
946354	0.984099432284577	1.66130086912379e-123	164
946355	0.969980436442119	3.05706844298036e-111	180
946356	0.972060109983934	3.20924303039278e-86	136
946357	0.962767088102232	3.25512974074471e-35	61
946358	0.977019229085858	1.45544338129682e-98	146
946359	0.973700157286288	2.36725341163118e-114	177
946360	0.973090970188234	3.35038622465474e-66	103
946361	0.960767998733033	3.37311599276652e-45	80
946367	0.969258757947099	6.25500427998288e-75	122
946368	0.982045865091994	4.4925994099586e-125	172
946369	0.98117341933896	4.00991941197957e-86	120
946370	0.976878827111658	1.16656233872049e-91	136
946372	0.974764154863855	1.24093852003887e-48	74
946373	0.972472472797681	1.3469225043911e-100	158
946377	0.980331897264489	2.15464063315767e-62	88
946382	0.969134963528527	4.57434474340867e-65	106
949088	0.972293983128356	8.40676526400323e-74	116
949090	0.966556182451229	2.73825113679963e-79	133
949093	0.965959349509716	3.65662063663703e-101	171
949094	0.975011706754483	2.72983725076264e-78	119
949153	0.977613593953009	1.38860196421208e-73	108
949155	0.975684580340439	5.42252697977576e-77	116
949156	0.97607451321333	2.06421371147373e-69	104
949157	0.96805982777673	1.45352755098664e-77	128
949158	0.970245238949764	6.49083766507926e-74	119
949160	0.968350903471271	1.01987492783611e-65	108
949161	0.977123093995939	1.10752291567546e-96	143
949162	0.925978403502633	6.06163739265402e-16	36
949163	0.970031919028569	2.78755096729338e-79	128
949164	0.973463808950693	1.49401333323517e-91	142
949165	0.972885183309639	7.2853577006058e-70	109
949166	0.973854852258309	6.21379860810784e-94	145
949167	0.981319596792075	1.08304456655995e-49	69
949168	0.974837209664925	6.61325229786975e-137	209
949170	0.985755532758116	5.3314204056115e-132	170
949171	0.979040480932544	7.08455282399472e-114	164
949172	0.97007615115098	3.59807614921363e-81	131
949173	0.971384964680341	3.56684291430053e-96	153
949174	0.969917152133302	6.03099969917484e-86	139
949175	0.976172998705999	8.07121470560233e-79	118
949176	0.979632682117532	8.35587103230708e-99	141
949177	0.981783576811401	4.94330216671845e-105	145
949178	0.980839046795374	9.51144173677266e-108	151
949179	0.974080180037756	2.9554540601881e-81	125
971773	0.974744310955355	5.94966034683411e-97	148
971774	0.987019725272271	2.35837492070165e-53	67
971777	0.978292064833235	1.87186824992731e-80	117
998184	0.954866367214215	1.42737622603492e-37	70
998189	0.980543506267439	3.58562139212679e-100	141
